-2.394611637843873666e+02 9.515484840623224727e+01 3.007779958785502004e+02 3.479713308679093302e+02
3.477149765029996047e+02 1.454178343503988629e+02 2.197216935230645163e+02 2.753040150584154162e+02
4.347884257318323762e+02 1.864509506754691870e+02 1.501863853842559138e+02 2.177833576989832238e+02
5.006799069475341639e+02 2.187681991305427402e+02 9.056633940750725742e+01 1.732716353514380216e+02
5.456286281780351146e+02 2.428292327542139901e+02 3.954755715135716088e+01 1.398742020996808719e+02
5.703413365594301467e+02 2.590866622777995758e+02 -3.927646732769211280e+00 1.156842382201688793e+02
5.761002896543960787e+02 2.680005235958900585e+02 -4.070666117486037194e+01 9.874030891843771940e+01
5.647964758879386409e+02 2.700328013505159106e+02 -7.147971164730789440e+01 8.700181693026767960e+01
5.388807123583842440e+02 2.655532776401923343e+02 -9.681339453838823772e+01 7.837920562365690103e+01
5.012445994041070776e+02 2.548879922186910960e+02 -1.171810065817757618e+02 7.078246163715968464e+01
4.550454022606742228e+02 2.382746955370438684e+02 -1.329866159109645025e+02 6.219758998821036045e+01
4.035011914274333549e+02 2.158987430236234388e+02 -1.445852996299057622e+02 5.072013654959405216e+01
3.496872280841858469e+02 1.879482952736771892e+02 -1.523006516677914419e+02 3.459002750302533968e+01
2.963159717685718988e+02 1.546973215902339405e+02 -1.564402100564801685e+02 1.220139424737182310e+01
2.456240730579388583e+02 1.166302122457276909e+02 -1.573090599727688641e+02 -1.788512114472323233e+01
1.992820244443132651e+02 7.463784722194965582e+01 -1.552216457058300705e+02 -5.690183345361165834e+01
1.583424522158951220e+02 3.032657528210571130e+01 -1.505113414842764428e+02 -1.057627394082170440e+02
1.233002929517985535e+02 -1.347616775607535544e+01 -1.435370114169180908e+02 -1.648182616230590156e+02
9.418956563491512668e+01 -5.196275715371888992e+01 -1.346855957715809495e+02 -2.333815601597721638e+02
7.067593757594447368e+01 -7.737148307077281117e+01 -1.243698151958522686e+02 -3.088930347033284534e+02
5.219453050363279090e+01 -7.821256178261724301e+01 -1.130201742944508112e+02 -3.855709531705716131e+02
3.805129296234267855e+01 -4.023151658176302448e+01 -1.010717700114145288e+02 -4.522067419997343904e+02
2.751041161889390096e+01 4.725562816199559535e+01 -8.894618013851098226e+01 -4.886274868619929634e+02
1.985765676548645686e+01 1.742516836633725177e+02 -7.703158433444821185e+01 -4.590002248109079801e+02
1.444165201971608958e+01 2.821945075225078199e+02 -6.566335140979899165e+01 -3.056516925541410501e+02
1.277830239285567515e+01 2.226721812290656089e+04 -5.510878613468045728e+01 -2.180991589546776595e+04
1.343429137167594867e+01 2.226467465761343556e+04 -4.555882724717378096e+01 4.055351496480803917e+02
1.319660347991366578e+01 2.226295754305419177e+04 -3.712543537505258229e+01 6.310519354849849378e+02
1.210457819791040279e+01 2.226178066502540969e+04 -2.984871236693372865e+01 8.106904939894803874e+02
1.026044903340534908e+01 2.226093655716206922e+04 -2.370738388171638533e+01 9.390974563849630385e+02
5.726836933027910845e+02 2.111523277541998027e+02 -2.473555335105970254e+00 5.289871207133795394e+01
5.484841062475875333e+02 2.048583454129429811e+02 -4.533621327769898102e+01 1.318260779733392951e+01
5.044833165932671477e+02 1.913780384600843547e+02 -8.002208180059518838e+01 -1.879282158296919647e+01
4.466022719609866840e+02 1.724887719380567148e+02 -1.074031184247250650e+02 -4.384140089467497603e+01
3.810116240207690907e+02 1.502194883839697752e+02 -1.281879243238271044e+02 -6.245358198080366208e+01
3.135026248133026456e+02 1.268748461501373725e+02 -1.429719025199161990e+02 -7.478343683026163546e+01
2.489143609002705375e+02 1.049641856883886248e+02 -1.522789579809881388e+02 -8.070460800814279878e+01
1.908033266874996627e+02 8.691304190010029629e+01 -1.565983592686078509e+02 -7.991051957267249861e+01
1.412811827874252515e+02 7.449276969497789480e+01 -1.564171438006635810e+02 -7.213195230469666797e+01
1.011286546814946377e+02 6.818688881402790969e+01 -1.522483818150994068e+02 -5.745266292377393569e+01
7.007563362396261653e+01 6.694872712928753344e+01 -1.446532558373711481e+02 -3.669044106703941566e+01
4.713518419347531818e+01 6.855190822774811465e+01 -1.342540549790073783e+02 -1.167280759035016580e+01
3.094810824443129249e+01 7.025241380969308125e+01 -1.217341298373897871e+02 1.478336376580761957e+01
2.004844612400781401e+01 6.939957021801609471e+01 -1.078218145550310112e+02 3.921361074979581218e+01
1.304952338320583749e+01 6.383435418428530994e+01 -9.325777649319611839e+01 5.801100850999520020e+01
8.752380174678670244e+00 5.207897655493993483e+01 -7.874894265207822741e+01 6.785234333674456764e+01
6.193719545650861136e+00 3.339577199217044523e+01 -6.491721019257433056e+01 6.590830640985794275e+01
4.652200661161757900e+00 7.826019425246606431e+00 -5.225556094605925495e+01 4.986186257887619888e+01
3.628853724440870732e+00 -2.366855263304179857e+01 -4.109907461785056171e+01 1.786621363718294475e+01
2.813234074703781395e+00 -5.883348644637300140e+01 -3.161919527694310617e+01 -3.136803979669768339e+01
2.043358525220073663e+00 -9.336619497503625098e+01 -2.383927009228280269e+01 -9.813452287875658442e+01
1.264854136292373088e+00 -1.196718143387356008e+02 -1.766506924135812540e+01 -1.806065146509716612e+02
4.929658934260502390e-01 -1.251998187680415100e+02 -1.292191412569524189e+01 -2.725665135047190688e+02
-2.201572787973077039e-01 -9.184500327167110356e+01 -9.391446826966092232e+00 -3.592911368120826410e+02
-8.114073707347524422e-01 -9.805938473427011637e-01 -6.841437857527080446e+00 -4.106473415220003744e+02
-1.225305759016176665e+00 1.453670787694405533e+02 -5.048999660714207138e+00 -3.699263870011089352e+02
-1.425398429246210519e+00 2.791257633759432224e+02 -3.814813838172316007e+00 -1.637772427641485251e+02
-7.358842506824481156e-01 -2.576341485584273687e+04 -1.957934576740327337e+00 7.479883614331861281e+02
-1.780779238190350888e-01 -2.573456454562690124e+04 -1.620329334134730015e+00 9.165325737796420071e+02
2.793196152006024136e+02 1.112859522876769205e+02 -1.305558897723598477e+02 -6.766231389335217727e+01
2.055991118375486906e+02 8.242971462379983905e+01 -1.463482316849325571e+02 -8.334438369718486683e+01
1.436832033074414312e+02 5.783126593395350312e+01 -1.550848829983071653e+02 -9.314159518382942338e+01
9.536916616566114158e+01 3.862738543128713786e+01 -1.574847572223405905e+02 -9.791895459338481089e+01
6.018570646935224744e+01 2.466621032719668705e+01 -1.542884350963921349e+02 -9.850546434175919330e+01
3.625166837123590824e+01 1.516027831217027355e+01 -1.463106658946509526e+02 -9.567496163927815189e+01
2.108499633515271654e+01 9.161909089791008043e+00 -1.344741746759195848e+02 -9.009489876768745376e+01
1.218135692234536016e+01 5.903338780543571751e+00 -1.198148542254152318e+02 -8.224019105830319631e+01
7.360373784475496173e+00 4.941362190458316483e+00 -1.034496230303877127e+02 -7.228555725897720663e+01
4.921547871767223192e+00 6.185900027950220093e+00 -8.650573563302130253e+01 -6.001802388713048231e+01
3.670545608849965724e+00 9.828669269155266619e+00 -7.002314205314735318e+01 -4.482456534114115243e+01
2.868781171128544027e+00 1.614249064356419439e+01 -5.485472278867545270e+01 -2.586158750378166715e+01
2.142886819364529405e+00 2.514376772212103006e+01 -4.159288808308015462e+01 -2.591930152401710874e+00
1.378982212809091168e+00 3.619538986609898501e+01 -3.054371773982936134e+01 2.462924787741582122e+01
6.189092669481544018e-01 4.774254997352060315e+01 -2.175075673805486076e+01 5.399531292157604412e+01
-2.940898160997840877e-02 5.737756180829949670e+01 -1.505490733023646222e+01 8.232802887999312702e+01
-4.593882039979620413e-01 6.227879483531123839e+01 -1.016863025070529325e+01 1.056051766902827467e+02
-6.073191061002727320e-01 5.984117224564722193e+01 -6.746449196828030459e+00 1.196991914425869652e+02
-4.689138768974063232e-01 4.821715099445128772e+01 -4.440036085345193229e+00 1.208847097190702584e+02
-9.568674483574722556e-02 2.663316773395595050e+01 -2.934952863927956290e+00 1.060115461811629842e+02
4.217247599798334412e-01 -4.398386823333791718e+00 -1.970538712407603477e+00 7.247065883071344672e+01
9.758474072374992980e-01 -4.267190791683921702e+01 -1.346829333969386866e+00 1.825158822009166570e+01
1.464010129815053629e+00 -8.330408854596089441e+01 -9.226709984249829022e-01 -5.750507040476639986e+01
1.805179385849081442e+00 -1.167646349541030304e+02 -6.084267071695786955e-01 -1.528766171181151208e+02
1.950002798619909994e+00 -1.259367443107575326e+02 -3.558596006534512912e-01 -2.595335965138447136e+02
1.883822947459336872e+00 -8.417503636614773654e+01 -1.469848665817955202e-01 -3.558386528969585925e+02
1.623694035044161321e+00 3.484570023719986409e+01 1.683302213114298493e-02 -3.947891538166359169e+02
1.211077166008575734e+00 2.112939945295694599e+02 1.246461619777472496e-01 -2.868099440308228054e+02
7.021556788219456280e-01 -2.583418155924730308e+04 1.639270376150323283e-01 -2.180803711765288972e+04
1.576866133891863808e-01 -2.582312958448876088e+04 1.264780224028410061e-01 4.553528063532904184e+02
-3.661145989525485533e-01 7.952113207408178823e+03 1.203382303744188718e-02 7.336195580881266096e+02
3.872393995748340956e+01 1.716531224482948659e+01 -1.571439443876249982e+02 -9.733286669171478422e+01
2.003032156435794064e+01 9.301072549689832769e+00 -1.505274103019156939e+02 -9.635833091674945194e+01
1.009082110783658415e+01 4.930804268092894738e+00 -1.384272961772103940e+02 -9.173538498190299606e+01
5.417511562079756260e+00 2.750545288739864702e+00 -1.222940621544942559e+02 -8.420319591376100732e+01
3.448869461392613633e+00 1.769968470585908227e+00 -1.037422687331470712e+02 -7.442822375416153591e+01
2.558113863856058323e+00 1.337186448396213700e+00 -8.442715148889740817e+01 -6.312581501848841015e+01
1.903051940588396995e+00 1.087241303257441061e+00 -6.585847301764042072e+01 -5.115949210330703778e+01
1.206037879032113347e+00 8.504230426479520988e-01 -4.921467032136920494e+01 -3.947307834511861557e+01
5.204807744286220617e-01 5.771737382255384130e-01 -3.522326875620399278e+01 -2.895460374116758828e+01
2.397575529560483018e-02 3.199194900397995256e-01 -2.414898561509357933e+01 -2.012779083954837134e+01
-1.332482419575849175e-01 2.747701837143124437e-01 -1.587538108806695547e+01 -1.308404397550885712e+01
9.059888477925856498e-02 8.567550662990585097e-01 -1.003553911286124212e+01 -7.388482165818381020e+00
6.151484034439991255e-01 2.754850117158694101e+00 -6.143786020038843887e+00 -2.007076267964974292e+00
1.273143616341261275e+00 6.876252337111372626e+00 -3.699495909397779503e+00 4.731661201049388588e+00
1.868639427607162729e+00 1.407378507801843526e+01 -2.254069283051757022e+00 1.498197824949778223e+01
2.234025438667572416e+00 2.463358193030102328e+01 -1.444687311137571095e+00 3.074370712861581012e+01
2.269877335155697118e+00 3.768060571618953247e+01 -1.003762146622466878e+00 5.259699862216866251e+01
1.961165222158145705e+00 5.080868272363922244e+01 -7.529096485513320225e-01 7.843063592748190160e+01
1.370968408305027753e+00 6.028525105889173119e+01 -5.882379346244811513e-01 1.033777756043003819e+02
6.178362909792846080e-01 6.196223260559510493e+01 -4.617647431916316880e-01 1.211298817447063669e+02
-1.555865555334343675e-01 5.248591864357010905e+01 -3.622232625028849462e-01 1.255162652843673641e+02
-8.144803447345132508e-01 3.017765817622851543e+01 -2.974978483257038619e-01 1.113117077866458402e+02
-1.257896746215395822e+00 -4.515843537657769247e+00 -2.802959828412353027e-01 7.431168770168655158e+01
-1.434640052956067668e+00 -4.841218904018561631e+01 -3.180319672054817137e-01 1.135907681256279034e+01
-1.347462104150507933e+00 -9.390036351601915499e+01 -4.073551789116483524e-01 -7.872284261511836689e+01
-1.046524113591158489e+00 -1.252697210281964004e+02 -5.330380624168944426e-01 -1.919174650058054965e+02
-6.150120780280839972e-01 -1.133791724568167325e+02 -6.704280864967917530e-01 -3.112859377050643275e+02
-1.507448723413158664e-01 -1.745449568930207107e+01 -7.902131800376551718e-01 -3.913666914163203501e+02
2.523424486401553701e-01 1.711219292613400000e+02 -8.641155716124843122e-01 -3.294900625103441598e+02
5.196704932724721671e-01 2.915100176226489452e+02 -8.702314812519866827e-01 -3.944488305883237445e+01
6.063615234626275052e-01 2.258386048652451791e+04 -7.970368597896299034e-01 -6.123007677528114527e+02
2.900209535557225049e+00 1.167134875989307208e+00 -1.237046040549779633e+02 -8.536589078883601189e+01
2.024991109026670344e+00 8.517448561262874751e-01 -1.030733464094475238e+02 -7.418682585839131605e+01
1.274585325429479221e+00 6.270026616466874980e-01 -8.150566338247156750e+01 -6.119237678076515152e+01
5.175308603304856758e-01 3.744211420463358087e-01 -6.108870645481859185e+01 -4.778939749599683751e+01
-1.769461010016720043e-02 1.240130585025173982e-01 -4.337699863583257809e+01 -3.528630389071123119e+01
-9.227829615004858044e-02 -4.795181068551628012e-02 -2.919621254914859421e+01 -2.459183060777789365e+01
3.465768286885623217e-01 -6.964411216971706786e-02 -1.866776790558484223e+01 -1.617894860046928684e+01
1.129930475489439923e+00 9.394359523712282611e-02 -1.140186582445910091e+01 -1.008846927289310003e+01
1.950715712458466866e+00 4.137973760060865702e-01 -6.743090023777027930e+00 -6.010177682053250869e+00
2.496405279872284666e+00 7.877853324857750916e-01 -3.975420392286819649e+00 -3.429811276343116777e+00
2.563953529773844053e+00 1.064704983927072357e+00 -2.454060511535941291e+00 -1.825237730263418401e+00
2.117643146497834916e+00 1.106341376960758183e+00 -1.668690852593559315e+00 -8.229429043907604546e-01
1.282266706713192761e+00 8.925108973903551624e-01 -1.258983536949235038e+00 -1.958267317901123961e-01
2.873935961620358581e-01 6.730649568783366732e-01 -1.001789808214027744e+00 3.320280083613600386e-01
-6.109416468000231637e-01 1.135673888733936598e+00 -7.839533538425188519e-01 1.403579946231552134e+00
-1.204553986097641527e+00 3.470422392027107783e+00 -5.697634682533058159e-01 4.354505563041691119e+00
-1.383553638878429304e+00 9.126484187729571929e+00 -3.688775434387651653e-01 1.136943992397335990e+01
-1.153425536077371749e+00 1.913102716634548628e+01 -2.087070082563959317e-01 2.509181716089803160e+01
-6.199715588285815704e-01 3.311081596383255032e+01 -1.139422413559916109e-01 4.710207881854661593e+01
4.846661707646655187e-02 4.840778942553440345e+01 -9.453365533518819086e-02 7.546594222420863218e+01
6.682367666224759972e-01 5.998358723358948907e+01 -1.419437332692961018e-01 1.037044631338161338e+02
1.084124693127794137e+00 6.180371680976107740e+01 -2.320979529856952717e-01 1.228409871051271267e+02
1.200386402071228931e+00 4.913270518142100940e+01 -3.325029538287412878e-01 1.243192950187881252e+02
9.944187443416412364e-01 2.016022915604555976e+01 -4.107491606589893096e-01 1.012686410329576887e+02
5.132762132628730933e-01 -2.331737240528767430e+01 -4.420416461741974445e-01 4.842361989943536571e+01
-1.434083116789011403e-01 -7.458874847043171030e+01 -4.141005741286349906e-01 -3.757616834186736554e+01
-8.484674345635732085e-01 -1.179462407865399882e+02 -3.288296411270416608e-01 -1.552601686389765803e+02
-1.474076953447454930e+00 -1.207428645609981430e+02 -2.008155523673074427e-01 -2.892218556272815135e+02
-1.915094923771917257e+00 -2.962764192800535668e+01 -5.338316730933719695e-02 -3.888377841124718657e+02
-2.105126669274814954e+00 1.772263003435119231e+02 8.677701207764218494e-02 -3.243417650411147974e+02
-2.023657396260732710e+00 2.830574450754151599e+02 1.952462681297179869e-01 1.723534479917155522e+03
1.006384742219062628e-01 1.530471776832504349e-01 -7.078797664472253359e+01 -5.318470089614926621e+01
-1.035107823537810001e-01 -1.093275479022163543e-01 -5.010359061372703593e+01 -3.946084043179826750e+01
3.824968890644170894e-01 -7.306089530181317238e-02 -3.325588505348504498e+01 -2.748742446827718311e+01
1.287248612235226020e+00 2.388745242624234766e-01 -2.075383491201186459e+01 -1.794816849710655760e+01
2.130436353276311312e+00 6.659199409450046181e-01 -1.226994235626143670e+01 -1.098390472095415582e+01
2.478049190178507555e+00 1.002209148865034649e+00 -6.996017779642889067e+00 -6.268099208407331702e+00
2.141417836298306732e+00 1.076365427850247691e+00 -3.987494514134608981e+00 -3.268326178050589448e+00
1.236197998951413357e+00 8.044296385840808972e-01 -2.394355164649129009e+00 -1.499927739046866160e+00
1.014775069715742883e-01 2.353330172340207804e-01 -1.569209022494258976e+00 -6.150558017187092164e-01
-8.606118152846983227e-01 -4.282680413822127496e-01 -1.088052911516688370e+00 -3.468287832074690713e-01
-1.345476647890461397e+00 -8.975501443127017476e-01 -7.218322044016718397e-01 -4.187824086487120789e-01
-1.244905425600262072e+00 -9.607329905050924213e-01 -3.859220383389178610e-01 -5.209509845873031564e-01
-6.595919607406577345e-01 -6.181609430947229145e-01 -8.432275295332540554e-02 -4.012617795022808687e-01
1.619500948692843001e-01 -7.740391977716268301e-02 1.409747127847399972e-01 -1.272491073127396746e-02
9.226870732689678167e-01 3.947633805101439242e-01 2.488275149127544550e-01 4.704142536997503732e-01
1.375149322583683498e+00 7.415677041539567860e-01 2.224654671757330671e-01 9.185789138390548780e-01
1.388782088764042522e+00 1.462892368974899382e+00 7.748364287053954857e-02 1.729808156436392741e+00
9.729623470832668986e-01 3.845906292819855299e+00 -1.428370498471193961e-01 4.329354771149171555e+00
2.571289086391494449e-01 9.726177720441274488e+00 -3.801084352294825663e-01 1.143578561427656126e+01
-5.593227309698853844e-01 2.056971067347216220e+01 -5.759864902745134296e-01 2.657487893453752648e+01
-1.269102092627810929e+00 3.598482769122293945e+01 -6.854065430111057067e-01 5.184034504287626532e+01
-1.712479571760809005e+00 5.213021594938502545e+01 -6.851336966859469246e-01 8.395426130874929527e+01
-1.812150102339885827e+00 6.160348721307907027e+01 -5.764742484560825275e-01 1.129102543448010323e+02
-1.581329740554983765e+00 5.642174700783662189e+01 -3.824996118386715382e-01 1.261541224156910204e+02
-1.107371518089758533e+00 3.197741354275957448e+01 -1.411359126787540275e-01 1.130398209246805834e+02
-5.196132235973568436e-01 -1.119934187207624454e+01 1.039254595126766489e-01 6.572116703977327745e+01
4.722024692463614587e-02 -6.633022971523863021e+01 3.123877796782071892e-01 -2.105453074549168235e+01
4.839369573021829463e-01 -1.155878446444610148e+02 4.546002265619703553e-01 -1.469489534299860622e+02
7.258201246668938289e-01 -1.186864678690791237e+02 5.157182534891806558e-01 -2.937890225374195552e+02
7.577364688500966006e-01 -6.362649359125638782e+00 4.962689876578995074e-01 -3.933528811084974564e+02
6.073452443309961257e-01 2.298146469024599696e+02 4.096083406038856789e-01 -2.578458165074745239e+02
1.739149337620552682e+00 6.217308225110970143e-01 -2.972623396597328238e+01 -2.467746346720829109e+01
2.259676903888371502e+00 9.986264819915792179e-01 -1.761376537068749926e+01 -1.492722384156600768e+01
1.981277254499086204e+00 9.828635915550752999e-01 -9.808351901995804312e+00 -8.203377354732715787e+00
9.580998890820540126e-01 4.972921659426336460e-01 -5.255023154778107219e+00 -4.094278725766601568e+00
-3.495697262363926527e-01 -2.820907846104344086e-01 -2.841819364498038070e+00 -1.990802172543371773e+00
-1.352779417717935528e+00 -9.911420261976554569e-01 -1.646806317476075421e+00 -1.229129915932300365e+00
-1.643528832994917810e+00 -1.291497489757162720e+00 -1.031622540307675973e+00 -1.143169304068313741e+00
-1.169678614221397739e+00 -1.065629098771494698e+00 -6.337304067156693810e-01 -1.149201932802021098e+00
-2.127781571103076474e-01 -4.497254874834819005e-01 -3.058293437625911881e-01 -8.957614666108885126e-01
7.791612919252776104e-01 2.488444707728071636e-01 -3.582082776277789593e-02 -3.682648068456903512e-01
1.398109170068717377e+00 6.915585775579167205e-01 1.307175592070032311e-01 1.862390043979386678e-01
1.428918590156155188e+00 6.945187054721246867e-01 1.509931024090582774e-01 4.821495698064899305e-01
9.025434854799573303e-01 3.593171816231491844e-01 2.009777328352540388e-02 4.096376927848134342e-01
5.052247816103087874e-02 -1.653032021104115443e-02 -2.204231223154758945e-01 1.144421002838219292e-01
-8.054524076372212571e-01 -1.917991864395546253e-01 -4.950860770832126723e-01 -1.098660063189955544e-01
-1.379815822259767399e+00 -1.479327387592265786e-01 -7.183785451295094937e-01 -7.213526202340232729e-02
-1.518631543901137748e+00 -2.325251828767455065e-02 -8.198549642509139757e-01 1.561675641989873076e-01
-1.234892357307675770e+00 2.273994272568401476e-01 -7.626290015768353303e-01 5.022376705653105455e-01
-6.799803532020205488e-01 1.350129675076912283e+00 -5.511932785446241878e-01 1.603027721240855019e+00
-7.153363803383244734e-02 5.055411048907474836e+00 -2.280533662831021047e-01 5.567904262627492606e+00
3.895050988909066203e-01 1.351352280082647361e+01 1.386071588483017147e-01 1.620675983859075586e+01
5.821014495239873465e-01 2.791107529754036420e+01 4.723453785253190484e-01 3.771428636987681671e+01
4.910035689702098582e-01 4.601247625565634536e+01 7.063707986588944054e-01 7.033483488097719771e+01
1.938972530881612200e-01 6.005099107396488023e+01 7.977997822174708320e-01 1.050555081832166309e+02
-1.786758534001043619e-01 5.918817493414597664e+01 7.353685865551711220e-01 1.257302444953453744e+02
-4.928674981026752722e-01 3.610391466019081008e+01 5.395799914839943812e-01 1.172062424002223366e+02
-6.534667164899511382e-01 -9.457799697449299714e+00 2.561405082354218377e-01 6.872029720845530676e+01
-6.268744946085502701e-01 -6.944162134978948586e+01 -5.508852218188155930e-02 -2.651499167784315958e+01
-4.418186359007130748e-01 -1.206737902135285907e+02 -3.328116438100329755e-01 -1.673029266744336212e+02
-1.717317853668104133e-01 -1.070734361346840018e+02 -5.260406592505888490e-01 -3.251466111530202170e+02
9.276561528168322801e-02 6.111027050724552367e+01 -6.027595734113655457e-01 -3.900537579693910288e+02
4.019982516328912125e-01 4.217068705207431545e-02 -9.530357687384190868e+00 -8.320358643322107284e+00
-1.108015463651587762e+00 -7.142218840373625310e-01 -4.914114168982568920e+00 -4.259404397435734069e+00
-1.955699425982231565e+00 -1.099528730792439291e+00 -2.626703126035506486e+00 -2.269670485949307093e+00
-1.765245972697397470e+00 -9.228752821075321133e-01 -1.586749471490471519e+00 -1.380030964362952695e+00
-7.610044572324244916e-01 -3.208890688227281074e-01 -1.081386778700130114e+00 -8.748982566542542472e-01
4.384062068113223076e-01 3.458461864797444663e-01 -7.363648113862153455e-01 -4.533599770711397303e-01
1.207705930254828752e+00 6.912602942190743116e-01 -4.265801065022887806e-01 -1.402096068966456333e-01
1.227214628899477411e+00 5.563718233618575315e-01 -1.688987041137370304e-01 -4.865403486909719577e-02
5.830007101292289384e-01 1.133005282814504716e-01 -2.473004874096699016e-02 -1.782000998133177194e-01
-3.400489664257695943e-01 -3.102872793827510800e-01 -3.091481722912068145e-02 -3.614885414624334214e-01
-1.080986337701088429e+00 -4.760836130078555661e-01 -1.684254247679521643e-01 -3.829241555865802171e-01
-1.323627303391663235e+00 -3.604902093412523101e-01 -3.670023217126769932e-01 -1.805323236603305626e-01
-1.019144620093477949e+00 -1.347881429663867758e-01 -5.336575522784078318e-01 7.122833473975322127e-02
-3.704034658769677635e-01 4.392610556442559482e-03 -5.882324734398292065e-01 1.218636542506294912e-01
2.945707334521753817e-01 3.194648575672069668e-02 -4.912394481050948447e-01 -9.546980455950063171e-02
6.858492966011792147e-01 7.848952807961422085e-02 -2.554137285277959801e-01 -3.548127152674408480e-01
6.724658513712464813e-01 2.217545205334537917e-01 6.054552352585508557e-02 -3.067330307422390101e-01
3.148271599739296822e-01 3.406567882351383969e-01 3.720381610525403948e-01 1.627578407187305343e-01
-1.896832275984406402e-01 2.808430220276678657e-01 5.951284506625931225e-01 7.932582397751410941e-01
-6.092031346720436780e-01 4.571573688817996972e-01 6.713341120518840910e-01 1.563701761718052419e+00
-7.766238786791943571e-01 2.493058056191068239e+00 5.836158651484231186e-01 3.933359937118368954e+00
-6.460466355441897290e-01 9.082713757848058123e+00 3.596035587619176299e-01 1.172368990950889334e+01
-2.924595385417129711e-01 2.264480959583042718e+01 6.213980620086741874e-02 3.033135514479059225e+01
1.339195693718509272e-01 4.220271340592015008e+01 -2.291709687263028816e-01 6.242652534068339776e+01
4.725280981305497452e-01 5.926983409528050828e+01 -4.396287216674648057e-01 1.002875764030505081e+02
6.095463787015423796e-01 5.997935899817739624e+01 -5.183131227313902967e-01 1.246491246628936693e+02
5.093356410747720275e-01 3.489723062957138922e+01 -4.496578671968143870e-01 1.153727705695975061e+02
2.152290124157823781e-01 -1.599786546090410333e+01 -2.555025808023708711e-01 5.841615215011216122e+01
-1.743063095111193617e-01 -8.145311103324567625e+01 1.211382053598927463e-02 -5.405375908920262162e+01
-5.419261936274338831e-01 -1.268330317412606973e+02 2.850420576322992838e-01 -2.160519461367556175e+02
-7.869993520227571704e-01 -6.617424186028856070e+01 4.962376537412413469e-01 -3.719137781947695203e+02
-1.810063753543127207e+00 -6.704970782775833138e-01 -3.064027038899888478e+00 -2.357369189053192038e+00
-6.942461645004001092e-01 -1.154204017913132291e-01 -1.791958145372135602e+00 -1.040157380859736191e+00
5.458734545371113356e-01 3.958009433983913916e-01 -1.198227827902750287e+00 -5.582265734552641634e-01
1.107876986778832284e+00 5.144098112061875616e-01 -7.881291280673402566e-01 -4.913103015838941601e-01
7.459816298805934665e-01 2.342572910570261124e-01 -4.061336396527913672e-01 -5.510196163289274862e-01
-1.857061221354962544e-01 -1.849011692401663076e-01 -8.318115055934338642e-02 -5.060465415980099912e-01
-1.049742616081685842e+00 -4.672199704897274652e-01 9.747123782547702231e-02 -2.492260512683988349e-01
-1.337430241189114355e+00 -4.938048033713454688e-01 9.042083697439796952e-02 1.078230742143922727e-01
-9.352383219340937304e-01 -3.450575373957027736e-01 -7.585161667324595569e-02 2.974656940681916772e-01
-1.310606196572163540e-01 -1.833055804237933850e-01 -3.107338944354841592e-01 1.192644986281739816e-01
6.003265739746908025e-01 -7.651649839081275939e-02 -5.017411064602755877e-01 -3.677822394481834456e-01
8.831350814266375471e-01 2.227522751309515825e-02 -5.597902318884655504e-01 -8.364713441147441086e-01
6.315853404383143799e-01 1.524207153648154955e-01 -4.506653205897311332e-01 -9.017394322361196313e-01
5.527304240280155045e-02 2.409559349874271228e-01 -2.033490121284568519e-01 -4.523030150467181598e-01
-4.959109692013860538e-01 1.551087880994972412e-01 1.047184928981021029e-01 1.921546452212413991e-01
-7.364244746042151180e-01 -9.134437245070346767e-02 3.777861333875686678e-01 5.657121528414869038e-01
-5.803240963444352696e-01 -2.645852152464734375e-01 5.357451482860479119e-01 5.261842468988746635e-01
-1.502910948217834053e-01 -1.225433695832463671e-01 5.400450153616896953e-01 3.684213784579937201e-01
3.167303003158203345e-01 2.888498683317819449e-01 4.033374097063986419e-01 4.497108794875068760e-01
5.985015091818473021e-01 5.913825906441466662e-01 1.810718754273468178e-01 7.344220158166261392e-01
5.842401865448897391e-01 7.138030473819486632e-01 -5.019501027699784651e-02 1.040517929014878717e+00
3.042672290121766765e-01 1.970342882694062325e+00 -2.189930111660068901e-01 2.467903864991090934e+00
-1.053449904435542067e-01 7.388250263207232216e+00 -2.806484729657494626e-01 9.032229117782216932e+00
-4.751398824143366895e-01 2.048632006147355611e+01 -2.282079366020339228e-01 2.722780122252858348e+01
-6.749507377366555927e-01 4.117208995155858275e+01 -9.063657615059955708e-02 6.093143945036239728e+01
-6.575866049878610342e-01 5.925070984075561142e+01 7.977270343559740573e-02 1.016455690239773020e+02
-4.618659243904864597e-01 5.768736410052098762e+01 2.258838583546967649e-01 1.258945030476892555e+02
-1.821375648206476905e-01 2.620055807648117963e+01 3.039642579460321570e-01 1.086451979619888277e+02
7.674836904839928142e-02 -3.342386610054789031e+01 2.961135194041345509e-01 3.309128431732855091e+01
2.387066272804165279e-01 -1.025029543092737043e+02 2.135078257324385109e-01 -1.076279567723782407e+02
2.766914145253059343e-01 -1.207596005862852593e+02 9.019986229908555364e-02 -2.916748282099684957e+02
1.165963622715878278e+00 3.602597432778927855e-01 -1.264276404985655411e+00 -9.086841786719747072e-01
7.795792822931451038e-01 2.175403008215680278e-01 -7.975470867265060937e-01 -8.093823052415278774e-01
-3.136612015870451908e-01 -1.468057669430669065e-01 -4.190586473356242014e-01 -6.292167344603016854e-01
-1.227437237360643030e+00 -4.455740057266164289e-01 -1.034467492409182204e-01 -2.442824341325648130e-01
-1.334322057129342376e+00 -4.936230276092353209e-01 6.177496465330859637e-02 1.269593953386017327e-01
-6.462410472041246745e-01 -3.110436288646017955e-01 1.868449657721550639e-02 2.143468753561800777e-01
2.999251349953429013e-01 -3.893258146592847718e-02 -1.985694683477805811e-01 -3.437946246199941741e-02
8.751599912648919677e-01 2.002267998894727008e-01 -4.750739003335160970e-01 -4.027518992274499721e-01
7.807253309265800301e-01 3.229925657409558615e-01 -6.702299293242565126e-01 -5.820661038067271864e-01
1.949599897512214741e-01 2.572813268781214413e-01 -6.796462009582469044e-01 -4.497026400709731586e-01
-4.127353102016886877e-01 -6.515519837592282856e-03 -4.756923175323568009e-01 -1.966106040241601127e-01
-6.329174898308921327e-01 -3.341788693833399604e-01 -1.141694057671671786e-01 -1.119934478882341905e-01
-3.708746404001685981e-01 -4.965520035078025418e-01 2.907751702311119901e-01 -2.399709228827141272e-01
1.481684106861379524e-01 -3.266067049300440117e-01 6.110416968211387356e-01 -3.114557081306804642e-01
5.743040230347583597e-01 9.954926924931023491e-02 7.506955461104671823e-01 -4.095321466926673398e-02
6.615475478716080771e-01 4.204019276098761027e-01 6.773080690419597261e-01 4.845141048706396170e-01
3.889977316733140289e-01 3.258454543564977546e-01 4.286294660420384983e-01 7.876089755528137282e-01
-6.632544903360867994e-02 -6.638834016799581572e-02 9.469080337448471107e-02 5.359440694694427298e-01
-4.568038411637729834e-01 -3.176041468797140555e-01 -2.157249174183412666e-01 3.852293249847095827e-03
-6.047863415825251998e-01 -1.304128297061991348e-01 -4.111429860158986593e-01 -2.153923320041636058e-01
-4.821272712458635201e-01 2.608052888746093534e-01 -4.440082124863251045e-01 7.341124030038004289e-02
-1.998277092566530244e-01 5.730455539229424300e-01 -3.207621995512265345e-01 5.945782629618021620e-01
7.064460854245710464e-02 1.905723476033102770e+00 -9.421969815047019636e-02 2.156358415685230234e+00
1.927280349061004927e-01 7.573823865258876076e+00 1.574622068131172892e-01 9.154488729488353016e+00
1.266971929896119897e-01 2.191410878033925158e+01 3.572987560404806140e-01 2.939579183811161300e+01
-6.592517396711108923e-02 4.434319250060969608e+01 4.524745779648229327e-01 6.677574875757969153e+01
-2.670529738954972032e-01 6.096179022261239311e+01 4.270152644994167912e-01 1.088526529722450675e+02
-3.658030386007854462e-01 5.224620782355601278e+01 3.015573416563251397e-01 1.263781139142096066e+02
-3.086495539525753729e-01 8.948880862865369323e+00 1.223707606719794533e-01 9.063588314640644228e+01
-1.163520977640024184e-01 -6.237206172690969197e+01 -5.519059253058947179e-02 -1.640094285853453826e+01
1.331966365209658054e-01 -1.245802025331598770e+02 -1.830651431372099236e-01 -1.945849069818524129e+02
-8.491851363187247204e-01 -2.752323450312994524e-01 -7.022033002075469543e-01 -5.009684459057185402e-01
-1.279314124185122470e+00 -4.983279824016555448e-01 -3.596737667388603676e-01 -2.549016618599481143e-01
-6.872505909456070317e-01 -3.428804069389771447e-01 -1.038023038500616307e-01 -1.288766810975441324e-01
2.925026483849476056e-01 2.431288018451523494e-02 -3.059955471725148146e-02 -1.224283111662410745e-01
8.354011496096688250e-01 3.204186404393222776e-01 -1.579465469936466582e-01 -1.382418881293281110e-01
5.950945732555964485e-01 3.243315489837740873e-01 -3.934143569692384323e-01 -1.143575654956138637e-01
-1.046712966211769819e-01 1.910286235375541902e-02 -5.848685356024243553e-01 -1.264195284393304641e-01
-6.212963699931457473e-01 -3.664851111691958541e-01 -6.025404526076810763e-01 -2.877361883837096790e-01
-5.486351754577512008e-01 -5.403829763854539614e-01 -4.020527181098072500e-01 -5.466564303515795142e-01
-2.187571919087427826e-03 -3.514199900445391656e-01 -4.108377618081346383e-02 -6.478538868071199719e-01
5.566173132661599299e-01 8.169184246797316085e-02 3.506713576556100831e-01 -3.567116947751838296e-01
7.242295098139540643e-01 3.850145948963846765e-01 6.297338171396802409e-01 2.272298983167968800e-01
4.301046604372889548e-01 2.764104862168086929e-01 6.985768859981618117e-01 6.391955711565115994e-01
-7.638663983273194513e-02 -1.269287159133360987e-01 5.426896069238195119e-01 5.049494972598480569e-01
-4.478169741075647137e-01 -4.198097238647335305e-01 2.319683252393512363e-01 -6.636623160893912257e-03
-4.809794024889478270e-01 -2.719271480456226797e-01 -1.109759049624887278e-01 -3.531864178305810231e-01
-2.229606375952849218e-01 1.753567915174247815e-01 -3.600738435287625383e-01 -2.182073344113882318e-01
1.001247261618823658e-01 4.272327696624850790e-01 -4.321851834663847369e-01 1.237158632963255706e-01
2.553114526327662226e-01 2.640388567058319924e-01 -3.139018366600368481e-01 1.599097955688013328e-01
1.507294824218753382e-01 -2.149618749527774930e-02 -6.117356785307467154e-02 -9.832220253912939134e-02
-1.277512524158263552e-01 -2.557995591297758387e-02 2.256018131586653430e-01 -8.078375952214623956e-02
-3.938360920188804792e-01 1.451713423674823589e-01 4.403384550048669022e-01 4.445431072915213555e-01
-4.852940691157786035e-01 2.608084043553309250e-01 5.093289689198635672e-01 1.090492166258004492e+00
-3.536657458629199891e-01 1.677612013104040845e+00 4.153149163749524919e-01 2.737763119898571684e+00
-7.441178424620978338e-02 8.562417055368252150e+00 2.000473999570392680e-01 1.093940363285380890e+01
2.117448204089713293e-01 2.599714871977442598e+01 -5.406466090842728528e-02 3.541165284133565905e+01
3.798035767014198982e-01 5.038822920413519313e+01 -2.553164415759899275e-01 7.811344920084903265e+01
3.770511584467292066e-01 6.212433332163529798e+01 -3.352773858951056396e-01 1.183206566397481936e+02
2.332815586376186523e-01 4.053451872438451886e+01 -2.712759181929955687e-01 1.198862996326073187e+02
3.129846346524711026e-02 -2.005385468797885906e+01 -9.177544070745395632e-02 5.226754253788202931e+01
-1.389926387088294968e-01 -1.000514116823385251e+02 1.360804946113950975e-01 -1.003986957863412215e+02
7.672613088050583320e-03 -1.894018369436512861e-01 -1.923460274075495247e-01 -4.469558583716605749e-01
8.119339841500918808e-01 2.465013594179441547e-01 4.869251468588680493e-02 -1.890853870985218788e-01
7.286590113573211402e-01 3.107481518063227588e-01 5.211166005534825091e-02 8.565468835008210879e-02
-4.477553840963499621e-02 -3.653884366980977155e-02 -1.613159256272364561e-01 1.343951340454497267e-01
-6.999363276801466860e-01 -4.197785109827890659e-01 -4.515954811546590841e-01 -1.281000216949604587e-01
-6.400118340014170348e-01 -4.655161659715018607e-01 -6.387780964407242523e-01 -5.030739685768315095e-01
-3.735211996155302777e-03 -1.146120700600753439e-01 -5.991638417511512271e-01 -6.594192319910664457e-01
5.730719349376034444e-01 3.046521525101562045e-01 -3.242760159341390724e-01 -4.346533495690349524e-01
6.128897638010435411e-01 3.785970601037330074e-01 8.114097239327322519e-02 -2.395243663035062989e-02
1.732463968916796992e-01 6.651682964965591194e-02 4.540388274807860558e-01 2.098823878431574086e-01
-3.111287254074180941e-01 -2.980030432659595552e-01 6.506843305785233733e-01 1.664102506389681102e-01
-4.506239166148028330e-01 -3.338863970068435272e-01 6.095352966475050538e-01 9.745951269559460783e-02
-1.978493955651260405e-01 -2.757732733770941122e-02 3.717235339064519639e-01 2.217243459013742979e-01
1.740106579295566669e-01 2.204655193433414373e-01 5.403074064743185190e-02 3.694698480295526277e-01
3.340324547669265010e-01 1.170799117252207394e-01 -2.078672772058868801e-01 1.570972902087487688e-01
1.595454488195932885e-01 -1.898760718555098648e-01 -3.172220107776256293e-01 -4.093468856326214489e-01
-1.972182914391351349e-01 -2.810774863408593838e-01 -2.506489262069636070e-01 -7.663504003035076506e-01
-4.621556269513672488e-01 -2.566147698001745164e-02 -5.859412639934911265e-02 -4.535406940952187993e-01
-4.589971429233679068e-01 2.155898041607635929e-01 1.638785024289740322e-01 2.547631322795989584e-01
-2.185400777738732703e-01 1.611889846388451786e-01 3.208674291817962265e-01 6.110835948051331901e-01
7.876031524437933362e-02 3.912782541399355274e-02 3.548245284980992009e-01 3.914600767440086226e-01
2.488778032743444446e-01 2.260199074877748682e-01 2.657368762333285339e-01 2.400799317906477381e-01
2.212951384287230594e-01 4.691751528755436218e-01 1.044370159869702497e-01 5.393385557939550656e-01
6.007203833465104420e-02 5.179698979770517298e-01 -5.434790199522546855e-02 9.641854378349320465e-01
-1.017492790637995748e-01 2.351982110480254295e+00 -1.456768980689502058e-01 3.078380245519969804e+00
-1.559304042961640047e-01 1.165218913127821665e+01 -1.400997174295984804e-01 1.464061043989588740e+01
-7.955613650757498156e-02 3.324260488232928168e+01 -5.176172412220998026e-02 4.710028944069122758e+01
6.606221680117059514e-02 5.722382613980162347e+01 7.233331643939315547e-02 9.559041313486598312e+01
1.847096671573759119e-01 5.783399350989967758e+01 1.755212711630526612e-01 1.260316953860404681e+02
2.054575639907159079e-01 1.551593543769955907e+01 2.163217224267370287e-01 9.700000160391692816e+01
1.191161481874681016e-01 -6.496831950228560970e+01 1.844588917964027908e-01 -2.050558911121891370e+01
4.972747470383951929e-01 1.926890632320836794e-01 6.248962457214415206e-02 3.283701321884326119e-02
-4.260010510169808251e-01 -2.407194492914943862e-01 -1.967114402973440049e-02 6.384187590481318897e-02
-7.880429103582365924e-01 -4.036815336137337673e-01 -3.033751289711432153e-01 -1.223744686644831769e-01
-3.088773098702338182e-01 -1.182944665632635894e-01 -5.996294798085675115e-01 -3.115204501706471674e-01
3.658348822540436474e-01 2.598983199998168847e-01 -7.115488935506826262e-01 -3.645989903701613577e-01
4.976449099259944164e-01 2.836836039185972602e-01 -5.426827566481513543e-01 -3.355723932542836185e-01
4.433155803038048987e-02 -4.204246998160265231e-02 -1.423418398054814848e-01 -3.140158796084227544e-01
-4.385300568117388997e-01 -3.391138778503877127e-01 3.250228242947056367e-01 -2.282518994209630225e-01
-4.648139454020134842e-01 -2.777317117030546068e-01 6.635053126470302765e-01 5.753523729092333006e-02
-6.519608956512011610e-02 1.713019269503931671e-02 7.392977027843573579e-01 4.525355453468176137e-01
3.325808882786298049e-01 1.663349754217710863e-01 5.396734709768228333e-01 5.878496008438343079e-01
3.576635551743784225e-01 4.127302035304382388e-02 1.717587802870198799e-01 2.374371067471132135e-01
2.555631565995133622e-02 -1.215545149753202575e-01 -1.936922148246261743e-01 -2.809402455043769620e-01
-3.289369537128582488e-01 -6.180887393078594166e-02 -4.022935161576027818e-01 -4.403218738472845506e-01
-3.985179737631003860e-01 1.011327876279499022e-01 -3.811145452101898923e-01 -1.716415848529278254e-01
-1.698195332079825981e-01 8.348921786987360816e-02 -1.620880021942849025e-01 5.263857823423562926e-02
1.185977093842441044e-01 -1.108659657289715744e-01 1.416269088213954475e-01 -1.206748823156990336e-01
2.239142653106677427e-01 -1.466150719660743451e-01 3.914438163018311156e-01 -3.376748490646054313e-01
9.561354812887867816e-02 8.541809509543139833e-02 4.846672815290130609e-01 -5.199238808829333841e-02
-1.221346648660140977e-01 2.159694540994988865e-01 3.946184067784316851e-01 5.281383494935321110e-01
-2.361826682208723327e-01 -1.238354283953662510e-02 1.743057299186796250e-01 6.315765838160559698e-01
-1.577198831633699894e-01 -2.070279627480889062e-01 -7.406637476876276605e-02 1.177052196941827250e-01
4.750532053914553743e-02 1.118843272674532041e-01 -2.466377740147088216e-01 -1.385545531139437125e-01
2.272205191650173983e-01 5.191950801082801936e-01 -2.803733444283736387e-01 2.601054490449785650e-01
2.602395406858253879e-01 8.657927910984466457e-01 -1.739836648870137226e-01 9.871115975323592195e-01
1.343422145995489814e-01 4.363889055421095620e+00 1.793536555982834860e-02 5.038456603751233054e+00
-6.077316609393914465e-02 1.829640148408605071e+01 2.118470224685054248e-01 2.352276891161885075e+01
-2.045030685774041068e-01 4.402157449836266068e+01 3.306637702551236124e-01 6.708403826601015396e+01
-2.219140964038186226e-01 6.191998278811098544e+01 3.333037184809778397e-01 1.154685874900510925e+02
-1.178958935266567476e-01 4.103190394417126896e+01 2.275406872301170835e-01 1.201383667799481714e+02
4.087391745723420455e-02 -2.954463695173021165e+01 6.261683976630776083e-02 3.985676772074875629e+01
-6.655551793395116933e-01 -3.354656884259039629e-01 1.007550209056125474e-02 6.007158885785180953e-04
2.225000345670037627e-02 8.047319787293630289e-03 -2.488545324231194455e-01 2.241558294962371634e-02
5.311113156947484537e-01 2.103281660382179952e-01 -5.331435654224104814e-01 -1.440668916154271006e-01
2.511274119064875188e-01 3.992875952147587754e-02 -6.275811554189285602e-01 -4.240496557764496521e-01
-3.805553070821858230e-01 -2.318758140740820040e-01 -4.380785556304843675e-01 -5.609291911760864169e-01
-5.894269712106863235e-01 -2.283897297450213915e-01 -3.811065830402512317e-02 -3.515598423329168720e-01
-2.086603113307473611e-01 1.433103194390084566e-02 3.830764079013163625e-01 9.603806172611625835e-02
2.638496559027124211e-01 1.673415351285254538e-01 6.294749626534098530e-01 4.076702723338351264e-01
3.177360970003978435e-01 8.736255778360801916e-02 6.013347137460972602e-01 3.617163383813488120e-01
-3.211034741744509674e-02 -5.168986303440412100e-02 3.390753530194520748e-01 1.624035531190489157e-01
-3.430214773427138208e-01 -6.109313219357648955e-02 -8.720136091380017995e-03 9.002400067127877548e-02
-2.811465291177432380e-01 -2.057552097703971294e-02 -2.680419422933353890e-01 7.064047059756226044e-02
4.222760028627206563e-02 -6.641862207631252235e-02 -3.253027140625489033e-01 -1.559624469156031257e-01
2.650798733040154453e-01 -1.156727346766324299e-01 -1.747113534350659692e-01 -4.831308859989074667e-01
1.845943589691873554e-01 -7.998743707985707385e-03 8.972738144343414546e-02 -4.314207273173589763e-01
-7.701591310927992373e-02 1.332958401631443857e-01 3.278018034877090425e-01 9.122431649973489209e-02
-2.452173538176625200e-01 4.361584515606199003e-02 4.238086617368297393e-01 4.941810687580907580e-01
-1.689835417213605973e-01 -2.082253762857433910e-01 3.403823246741776720e-01 2.504615330815532226e-01
6.394327625060944320e-02 -1.751605673942235042e-01 1.306943630636410447e-01 -2.662688712402008218e-01
2.398210946354050743e-01 2.143755694399310241e-01 -9.447506698985806695e-02 -2.491465820255602814e-01
2.203161442533902170e-01 4.179280808848434003e-01 -2.253682321795458243e-01 1.958721759715794097e-01
4.638457454992508944e-02 7.986221045081254299e-02 -2.065210051442699368e-01 2.406596902128050608e-01
-1.238719317355532618e-01 -2.255238218885951829e-01 -5.923713287038187558e-02 -1.432458029018011669e-01
-1.614371762975073121e-01 3.390506730044578337e-02 1.345757594626676712e-01 -1.265121381737817179e-02
-6.202837791136468076e-02 3.477616206601383264e-01 2.762104777980551873e-01 6.816716966697270452e-01
7.457821842632887666e-02 1.297461606827735814e+00 2.990020521612831716e-01 1.964370187097065568e+00
1.400851173846270614e-01 8.411862452903562826e+00 1.987909732561674303e-01 1.002303450727593948e+01
9.906632097629666789e-02 2.913421176407790014e+01 3.223287210103986666e-02 3.998589316834508622e+01
9.124877852263567216e-04 5.624188029176981019e+01 -1.146944188789360691e-01 9.359330135445334520e+01
-6.933007211011789350e-02 5.642622762309230922e+01 -1.708080227344020152e-01 1.262851247361136870e+02
-5.477875133766572924e-02 2.142993838054000566e+00 -1.138347929218359172e-01 8.201688215700292517e+01
5.688222528189631477e-01 1.886611875950069128e-01 -2.186522603618811234e-01 8.698637208968077600e-03
1.251642425953193305e-01 2.149509324774873456e-02 -5.473911772307158419e-01 -2.891325816613667943e-01
-4.921218632670428250e-01 -1.658267681727511877e-01 -6.809141094401020000e-01 -4.576067591920578437e-01
-4.469572912970498635e-01 -9.991586586668377290e-02 -4.954462405659743607e-01 -3.762026405983660005e-01
7.435983621854044823e-02 6.872268780534744603e-02 -6.124512746740295305e-02 -1.752241082261379035e-01
3.306244688844741098e-01 9.551270875671430405e-02 4.069596265169893035e-01 6.508255013044845702e-03
4.984855259639189157e-02 -2.041535572710630880e-02 6.788664168860075732e-01 2.007241035292370024e-01
-3.249348733498912400e-01 -1.061314621323715957e-01 6.374795915829585269e-01 4.183775503063415502e-01
-2.885538747075140908e-01 -1.076111044785762333e-01 3.343598642522086495e-01 4.519435453201799957e-01
8.733411382829550651e-02 -7.073675922899502755e-02 -5.266214944563153005e-02 1.168631615003934143e-01
3.281224233642286436e-01 5.755242210997110232e-03 -3.234775240559374376e-01 -3.330542037570319858e-01
1.916483710630967896e-01 1.079859246437092496e-01 -3.578755574037945641e-01 -4.169371493617745061e-01
-1.030347671066927928e-01 1.110825888872893213e-01 -1.655313251118669948e-01 -1.250088564219932197e-01
-2.066257061951086993e-01 -5.815842519164651087e-02 1.330173028468960017e-01 7.492318108561947521e-02
-3.420782549238423481e-02 -1.848154157467128966e-01 3.775625624312415329e-01 -3.194133548372827397e-02
1.913895247687694423e-01 -2.817272567481351325e-02 4.516981534200980586e-01 -5.671024771687467603e-02
2.205024670590568225e-01 2.096435619101285341e-01 3.354394898772220523e-01 2.548594792350082350e-01
4.113477400123601024e-02 9.861469824521638949e-02 1.036567730828322209e-01 4.032089319061504251e-01
-1.435057407185486300e-01 -2.833231651333731893e-01 -1.217916493634809000e-01 -7.595904023247490588e-02
-1.545884107468719348e-01 -3.064259199283074775e-01 -2.361354867741890795e-01 -6.464550776872118876e-01
-9.338518387225677383e-03 1.571432325201783942e-01 -1.993269469219975387e-01 -4.107227509808356047e-01
1.304607562042954527e-01 4.297916046571057525e-01 -4.749593895304626140e-02 2.772648456019101704e-01
1.328194823416224690e-01 1.400946431107076839e-01 1.329366142840009979e-01 3.742391398343247744e-01
7.739510489739381653e-03 -1.745547481743146140e-02 2.524589794135461140e-01 9.531213288388713789e-02
-1.238443328963224066e-01 2.408981642079925656e-01 2.616609898607198392e-01 4.041371083591859814e-01
-1.470244066237944847e-01 3.968257614176921022e-01 1.693557643758565323e-01 1.010578573547019632e+00
-4.349268984239385710e-02 2.983797901993829882e+00 3.033879004597510656e-02 3.813895620978611678e+00
1.093548981749614679e-01 1.635782660323503990e+01 -8.612644841443600763e-02 2.072801550658118686e+01
2.097074375731794726e-01 4.441974077406909771e+01 -1.294261708381327092e-01 6.696673867480069475e+01
2.051817206772219015e-01 6.200233670579994794e+01 -8.794924753680591345e-02 1.191133733966511130e+02
1.175540173356481172e-01 2.777115585269284992e+01 1.016368857451164023e-02 1.095055607267319999e+02
-4.532827692283298848e-01 -1.764094554469555209e-01 -5.016659374392421489e-01 -1.408045492598921367e-01
-2.785104687249619348e-01 -1.562873911743442867e-01 -6.334565934088892680e-01 -3.267439432740487648e-01
2.730253461599876363e-01 1.868872106093365584e-02 -4.538109938892164741e-01 -4.627524435830169813e-01
3.225386345269445343e-01 7.375131672314177989e-02 -2.901309174215652500e-02 -3.589455104874866298e-01
-1.377390680549910318e-01 -2.750020055858035106e-02 4.207315049857345834e-01 1.764543743803033762e-02
-3.960943400686754989e-01 -1.096368911286617620e-01 6.601706295845275463e-01 3.969977800604068130e-01
-1.145534396500310914e-01 -6.484284463529710330e-02 5.778008597212237474e-01 4.463817415729190441e-01
2.553238057922370130e-01 6.334835243970474150e-02 2.440608317018365392e-01 1.958276349476897882e-01
2.228914938315157968e-01 1.335987269586202397e-01 -1.390794562243665156e-01 -1.632029768183206400e-02
-7.226441603283154103e-02 4.463375002279230952e-02 -3.591660797696208940e-01 -8.537712745363695843e-02
-1.766440909518189051e-01 -1.410917652336986516e-01 -3.105179216808956477e-01 -2.042812885077951446e-01
3.682388985875697379e-02 -1.764061476798930717e-01 -4.362979186448882191e-02 -3.544381995169090249e-01
2.702048633594167915e-01 2.053043373498577434e-02 2.747596948865674293e-01 -1.964388074279692920e-01
2.324235079180722585e-01 1.759239324196256449e-01 4.628610468983741510e-01 2.520528310146039064e-01
-6.713184554705701156e-03 1.705096419230677646e-02 4.256457045047948307e-01 4.265326090675999327e-01
-1.498779168050994592e-01 -2.090040913343274298e-01 1.997383250042693847e-01 7.774838824460535147e-02
-6.018796483176522966e-02 -7.972830303729563917e-02 -7.864039284867042900e-02 -2.476555656232556635e-01
1.082715677062744547e-01 2.469898908325401099e-01 -2.568657269209246863e-01 -7.408314154946248065e-02
1.393478723865533009e-01 1.811227301297038683e-01 -2.497435601614522160e-01 8.856309481114552073e-02
1.881573456380747095e-03 -2.250156176637814476e-01 -7.938817259423537609e-02 -2.756160248244830524e-01
-1.511577933087818459e-01 -2.749044157813488876e-01 1.459344849309477388e-01 -5.429583711521989153e-01
-1.680478990266603134e-01 1.308790550079614590e-01 2.976451857902679965e-01 2.109619526683331400e-02
-4.589212432906750183e-02 2.458586598539901913e-01 2.984034205821977648e-01 6.335929818180223716e-01
9.041041550170678121e-02 6.007234191842634845e-03 1.602582081328453034e-01 3.538730416299103454e-01
1.254529985796624114e-01 1.620830526488242496e-01 -2.868971425485341425e-02 2.714958542528796842e-02
5.746412387994032089e-02 4.643009574728922950e-01 -1.583247289461406082e-01 4.354171950942745117e-01
-2.127891191432389195e-02 1.016711344631522351e+00 -1.593165296792415919e-01 1.409075455590545367e+00
-2.528000253104066911e-02 7.857743465732979438e+00 -3.947475505354695879e-02 9.667072583603014024e+00
4.912665355876152246e-02 3.095233222171122023e+01 1.252495308595148737e-01 4.346201582422613541e+01
1.328429693737405715e-01 5.932945078699787445e+01 2.374139748764408642e-01 1.020705188030885751e+02
1.511359245011483499e-01 4.624187313459569992e+01 2.339079479347672963e-01 1.238904246884814739e+02
3.219428007456902607e-01 5.931227414183107977e-02 -6.431188369425061557e-01 -4.042610398636210522e-01
3.722431473645333444e-01 1.574488760125292985e-01 -5.641738871057165872e-01 -4.863405427777177104e-01
-1.210881346082163246e-01 -1.148893284860518817e-02 -1.674053710864076838e-01 -2.820054276701718932e-01
-2.851380105934613884e-01 -1.401658098939450037e-01 3.281652256191072148e-01 5.745745057018397835e-03
7.626185257764399317e-02 -3.732050230124150936e-02 6.443973138452250282e-01 2.140568189880997785e-01
2.960291337491713359e-01 1.060217470722924354e-01 6.232949611948882529e-01 3.527810501088655681e-01
4.004047255993129634e-02 5.086090731363538536e-02 3.125105482258132561e-01 3.798039645974051193e-01
-2.252403626933878744e-01 -1.347097210460317385e-01 -8.317882359884477828e-02 1.462107063699146781e-01
-9.098369424638655389e-02 -1.521503694765982406e-01 -3.358768983157853771e-01 -2.558722078903622466e-01
2.121183588340997683e-01 5.592424501264810915e-02 -3.237546994491758978e-01 -4.046580655784235980e-01
2.489532265447126913e-01 1.897803645197098932e-01 -8.456896795260329669e-02 -1.569106877803251587e-01
1.388473228097882907e-02 2.440280517161236978e-02 2.237634875623138453e-01 8.473917880129307190e-02
-1.271959923236606060e-01 -1.696310326415282899e-01 4.222078758885840499e-01 6.935449858197940964e-02
-3.302446428605025717e-03 -6.223796606818897403e-02 4.102925081163604215e-01 8.037817213006898109e-02
1.629321100853613202e-01 1.531014485089807475e-01 2.134389309422598247e-01 2.668444617080326653e-01
1.257567217260069647e-01 4.637658684039894924e-02 -4.324185418838684403e-02 1.907335553951550744e-01
-6.372633248489417701e-02 -2.088990079457285487e-01 -2.142084887277312666e-01 -2.872364435781217806e-01
-1.716752952140738198e-01 -1.149185027871594683e-01 -2.165935603951460453e-01 -4.935991068029270123e-01
-9.128902984297584955e-02 2.041194975974855441e-01 -6.942916143065583356e-02 -4.567114857368143738e-02
5.313834122660198583e-02 1.368073243347387169e-01 1.284872336446592211e-01 2.492818275506175074e-01
8.739416945366496048e-02 -1.685423479237879163e-01 2.623616027904452364e-01 -1.281370920488834608e-01
-5.867987907859314491e-03 -6.417173468139604486e-02 2.663969764815095065e-01 -2.884455977488695200e-01
-9.235572909682143727e-02 2.394566767591937428e-01 1.541582343318504134e-01 2.763575967720303117e-01
-5.816735810684766500e-02 5.395404779204161089e-02 1.218503404487389233e-03 4.547801019760530084e-01
7.004159603514098498e-02 -1.295540515902895429e-01 -1.047685910171828882e-01 -8.572831374648644254e-02
1.727011855221756431e-01 2.950385918668220198e-01 -1.137725157428468026e-01 9.201180069943155210e-03
1.673501147017895374e-01 5.743261117121519765e-01 -3.475886275417530702e-02 7.365286096050759346e-01
7.600983946889643128e-02 3.350363033093871401e+00 7.797665720555081725e-02 4.121091502922412886e+00
-1.501339156265165016e-02 1.940988768904732709e+01 1.599010265506208561e-01 2.592950791094341767e+01
-3.947677514850805869e-02 5.119749157962819908e+01 1.714207660571663849e-01 8.085997014720503273e+01
1.209746424973866035e-03 5.750586201601055336e+01 1.153596153299614180e-01 1.258844219400829729e+02
-1.029343387939391091e-01 -5.637228408431708276e-02 -6.267874176925579688e-01 -3.989315927240018045e-01
-2.575960575700387833e-01 -2.051781786837283406e-01 -2.792619528904793369e-01 -4.192748256365346204e-01
1.591724180041506898e-01 -1.634106478942842777e-02 2.318700905977008064e-01 -1.884589251124172693e-01
3.332386529257230223e-01 1.335604699693307418e-01 6.112458816021755226e-01 2.114000408553956545e-01
-1.741000932528069187e-02 4.734347434568211247e-04 6.526032134174317711e-01 4.546141314798555766e-01
-2.242433389069476979e-01 -1.376144770077420976e-01 3.633763822371976482e-01 3.296253630317707017e-01
1.907934630919772001e-02 -8.077915797641225387e-03 -5.353736957240570055e-02 3.350010390845139380e-02
2.371751488187881507e-01 1.583937917625446168e-01 -3.384996489777229445e-01 -1.325961476223250224e-01
8.752091384372910621e-02 4.592455613227200417e-02 -3.360160875054145069e-01 -2.085867774498133265e-01
-1.263209149660050601e-01 -1.644843871678116076e-01 -7.641547832232847837e-02 -2.886988972834796385e-01
-3.725016572906963280e-02 -1.082302919028541033e-01 2.604280541799303128e-01 -1.678786019119613282e-01
1.836393055566003241e-01 1.084465913880268695e-01 4.654570438039294933e-01 2.097686931437459379e-01
1.789496926037270896e-01 8.402979608902735875e-02 4.281461219220359937e-01 3.727047100382432365e-01
-2.644158956080849485e-02 -9.953706572988808843e-02 1.948356787338342555e-01 9.157935249074962425e-02
-1.346210007813804233e-01 -4.971293178728621726e-02 -7.282262364595962212e-02 -1.553765420602273573e-01
-3.385197112957281929e-02 1.439476158431896580e-01 -2.027335145182125042e-01 -5.307432541984223595e-02
8.354591721625768963e-02 5.083311048859814191e-02 -1.080185438978480128e-01 -5.879181899067068701e-02
3.410178857323504370e-02 -1.706255686029636565e-01 1.810562415275794035e-01 -3.456284363393581360e-01
-1.034373658519267963e-01 -5.698353966380077101e-02 5.578436192223186207e-01 -2.479941477225957869e-01
-1.325011123831179305e-01 1.457809809271789769e-01 9.206125218340929228e-01 3.145346484655344721e-01
-1.479962843102319153e-02 -3.580858212048381589e-02 1.240907382627333799e+00 3.111795757728640366e-01
1.090384623790976032e-01 -1.833251521889680824e-01 1.574460232987693553e+00 -3.297629221244133824e-01
1.166922982623005700e-01 1.798237673871808384e-01 2.009221580249871408e+00 -3.259283827761065844e-01
3.698442932097344843e-02 3.308718047177091059e-01 2.588244470314510881e+00 2.682845635719006139e-01
-1.210426463431282795e-02 -7.545505572243878245e-02 3.259037161623336676e+00 1.466933372425185955e-01
3.017392169015256989e-02 -3.523888360390446672e-02 3.882113326751142068e+00 -1.056756051719856537e-01
1.107769023415414861e-01 3.731100147667407718e-01 4.295256616907417779e+00 5.343951863273148639e-01
1.369972052269961271e-01 1.266982822953886867e+00 4.395655357793198270e+00 1.873325287877408485e+00
7.806969535536531501e-02 1.094475748628452827e+01 4.188885959689463867e+00 1.371164946626635661e+01
-1.089038863086069613e-02 4.033095985801894301e+01 3.774942447725963213e+00 5.961297669454870629e+01
-4.966280252885157259e-02 6.184332037838484553e+01 3.284950668104295701e+00 1.186330268079118042e+02
4.256998836571978390e-02 1.678337054773782269e-02 -4.724259886914843332e-01 -4.801755147456246431e-01
3.247520478060529903e-01 1.663898935439418469e-01 -3.868806761586594811e-03 -2.249909986646395632e-01
3.973678713308154316e-03 -1.955441513760512381e-02 4.744322352142445465e-01 8.566639644803403231e-02
-1.792335368368786208e-01 -1.389976439030073674e-01 6.920778181579612109e-01 2.877713275825817263e-01
1.012593424983233154e-01 1.822307775269788738e-02 5.487965761125300768e-01 3.684917254819551347e-01
2.282794571343129686e-01 9.713761808293255862e-02 1.686453757993185698e-01 2.596025472007587598e-01
-3.478295878996918999e-02 -6.747306269374730991e-02 -1.670138191515773973e-01 -7.392205032747310722e-02
-1.830800259620767034e-01 -1.207250170077349000e-01 -1.525814978186761095e-01 -3.603592734263325603e-01
2.702038675065963555e-02 6.408538330902534275e-02 4.049548756968215923e-01 -2.738773917365641686e-01
1.819824074900009969e-01 1.321110946430431032e-01 1.488629820195773501e+00 1.698853975773929707e-03
3.798311114507425812e-02 -3.316182087319380356e-02 2.841567572015102350e+00 9.987756786782898966e-02
-1.065663850556260450e-01 -9.538034930473761330e-02 4.010078587325764055e+00 1.266961559859858533e-01
-8.167536984948330775e-03 3.683849871879091992e-02 4.442262177650298405e+00 2.471924691618950232e-01
1.430698027254712068e-01 3.781341123768207357e-02 3.624746019530869834e+00 1.466201455704548851e-01
9.171435604607854064e-02 -8.834924224111145863e-02 1.240022254386869527e+00 -2.554162740785827501e-01
-6.976860417421325289e-02 -1.685034830690540497e-02 -2.708301833603991682e+00 -3.637399293912738085e-01
-9.192305610819857808e-02 1.244680505731658171e-01 -7.855851584236564378e+00 -1.498302740257317391e-02
3.092635138536708669e-02 3.977357169951953493e-03 -1.357799742311755509e+01 9.000927202276993999e-02
9.990596292073040952e-02 -1.121000309840063658e-01 -1.914465706105868392e+01 -1.628979218497876580e-01
3.193416704329078010e-02 8.521088544354311900e-02 -2.388210722913658657e+01 -5.164487243401614559e-03
-4.983957464211997285e-02 1.091714322970036288e-01 -2.726950607357066758e+01 3.322707738048313875e-01
-1.677413302684554325e-02 -2.305330945075977078e-01 -2.897834335840973097e+01 -1.096726099282817890e-01
9.419773435451424259e-02 -1.482485894958164019e-01 -2.887002425607269274e+01 -6.411207994779020147e-01
1.470262822298273875e-01 3.451661816209261047e-01 -2.698325401580409277e+01 -1.039240452144034321e-01
8.761662829970680300e-02 2.414785211072618398e-01 -2.351875002855858199e+01 4.141696223391200249e-01
-3.860466225235450414e-03 -9.146754690659980591e-02 -1.879004830493659028e+01 6.738343881456436424e-02
-2.878394215563144509e-02 2.421806605798363654e-01 -1.317573193399022458e+01 2.980732691388916500e-01
1.926808543068596336e-02 5.313754996631528948e-01 -7.055173742237531798e+00 1.062065139205505826e+00
7.019772753405273402e-02 5.462397966442708253e+00 -7.665219183403987335e-01 6.518227943649146816e+00
6.820546058719101357e-02 2.904094123869630550e+01 5.405276149354211412e+00 4.001905127978013610e+01
2.642709173234469508e-02 6.006015615614597181e+01 1.122141319634196144e+01 1.055427351718581832e+02
1.301521265825037084e-02 -2.989765741380344746e-02 -1.695168698049683963e-03 -4.089613894048239606e-01
-2.581747173911395077e-01 -1.416819027813522036e-01 1.169103691197534101e+00 -1.346473363415576496e-01
4.783515457373379437e-02 2.311051718448268663e-02 2.791805656296085569e+00 2.642114760855049371e-01
2.311426793211683595e-01 9.583760138793549765e-02 4.261322618987094302e+00 4.348616846244226508e-01
-3.549941227078233508e-02 -4.207965746535774487e-02 4.412439849723237550e+00 2.562893556761670633e-01
-1.464219989327917582e-01 -5.096235140241403561e-02 1.878932965708677960e+00 -1.676485934841111247e-02
8.603178863375081364e-02 7.409660227460106163e-02 -3.978511610167680956e+00 -1.745360897858756200e-01
1.349357731973732655e-01 2.842975777775674437e-02 -1.222978078753161313e+01 -2.703789021303255602e-01
-8.117864283611037068e-02 -9.385349222065685060e-02 -2.058235809107994640e+01 -2.422515592555633257e-01
-1.190602838709395178e-01 -2.990132574267980944e-02 -2.655809257032475657e+01 5.466323015895543924e-02
7.334221305163184101e-02 6.810809697508131422e-02 -2.845494176559625998e+01 3.287106109967829481e-01
1.285772429190415456e-01 1.054078585059067472e-02 -2.527226558310872306e+01 2.007898036942211417e-01
-2.759633975767094780e-02 -1.710727632398281739e-02 -1.635892080231028700e+01 -3.649569756933387921e-02
-8.768870165521588933e-02 5.407709712556092729e-02 -1.978540318194418557e+00 -4.244623636952360446e-02
3.860553295787316763e-02 -2.629126386481406307e-04 1.568595758469654555e+01 -1.073891198845612766e-01
1.140314658405591625e-01 -9.279468807248521245e-02 3.265074715994659016e+01 -3.128500575434481901e-01
2.704430459091950942e-02 2.498317945175895782e-02 4.472510073500941274e+01 -1.299219107638981685e-01
-5.329148328938589085e-02 8.454402531354944517e-02 4.929115719528421380e+01 2.787752795182572574e-01
1.330497840343906196e-02 -9.660221665673321412e-02 4.601670268990440604e+01 1.241903798415397581e-01
1.242219560934895994e-01 -4.772309239732025476e-02 3.659506243844153772e+01 -2.619852751249922562e-01
1.225915910993031904e-01 2.251468768198167658e-01 2.372186544511861683e+01 -3.266170101618868366e-02
3.550913703781819614e-02 3.412741074477336489e-02 1.010905404516612371e+01 9.581291293175032975e-02
2.434935634838783589e-03 -3.238078713082861437e-01 -2.254662514212795177e+00 -4.723366837165058896e-01
6.125304946691051411e-02 1.344134300110248585e-02 -1.235071132287900042e+01 -4.142594964464405005e-01
1.153655371909454302e-01 3.493573232830398667e-01 -1.996128061691114652e+01 4.160700389762312934e-01
8.332726224002570681e-02 1.303862822272655597e-02 -2.531153199293757083e+01 3.341973326938631472e-01
-1.985548307245547754e-04 1.253776683701006145e-01 -2.876728064942689400e+01 2.484897962076652866e-02
-4.247116726069957715e-02 4.356525307444123474e-01 -3.068405622196012317e+01 6.160500817026920428e-01
-5.259955816461151477e-03 2.464573030729461323e+00 -3.139629636822327186e+01 3.032523827245652726e+00
6.294324398551230659e-02 1.919231176061758859e+01 -3.124366714658647481e+01 2.472753226019608519e+01
9.136572032220408035e-02 5.384987261692791094e+01 -3.056723101866741743e+01 8.806278790336510554e+01
-7.003253159189531951e-02 -4.602408446951139834e-03 -9.475682938937762145e+00 -2.600727460435914851e-01
2.196131596730422630e-01 8.609285523297169340e-02 -1.992457860355886723e+01 6.310826853659964875e-02
-1.384123734164214095e-02 -2.841142595373679150e-02 -2.708429993232823918e+01 2.932790313883786304e-01
-1.570454396535712893e-01 -6.698827662558648477e-02 -2.709434404187906864e+01 3.766211474325232289e-01
9.276698993294557605e-02 2.820428421355564846e-02 -1.754870408124168435e+01 2.050537868519081153e-01
1.290001395795746242e-01 1.302137451159708983e-02 2.030987016095767039e+00 -1.524884258625567035e-01
-1.077680984744469744e-01 -3.583341253157827644e-02 2.644944005885953686e+01 -3.400130101096479618e-01
-8.526093520024961847e-02 2.676052048463664623e-02 4.485629045673282889e+01 -1.912803432069104248e-01
1.112801371641561343e-01 4.787149847012684561e-02 4.819874902029648922e+01 6.838591863453609594e-03
7.083842354478878112e-02 -1.541538957092733475e-02 3.557865289441696888e+01 1.034579204924217510e-01
-7.856644384558715555e-02 -1.691326316137131691e-02 1.395133142852400709e+01 2.367183212793048941e-01
-6.265732785540625155e-03 -4.314013049346768214e-03 -7.430065990571340429e+00 2.275645613273945267e-01
1.313609702902378829e-01 -3.416135074619162243e-02 -2.253062360933770591e+01 -1.121122879753819329e-01
7.136780837092941698e-02 2.600351807334607204e-02 -3.002156312207542754e+01 -3.059978844186377334e-01
-5.364715436370066926e-02 8.608483050184448371e-02 -3.120073507471600749e+01 -1.039475276935957343e-01
-1.948788283403953339e-02 -3.089198736365445300e-02 -2.792414068726276710e+01 -1.950232546243209353e-02
8.846286848047070495e-02 -6.854171821020188515e-02 -2.196674885507367136e+01 -1.128034698516353629e-01
7.330383722100894395e-02 9.094983866518560611e-02 -1.498235064386737037e+01 1.204050674913820645e-01
-1.244536627958976217e-02 2.104916751462899277e-02 -8.337696612475063773e+00 2.592123492462430345e-01
1.000363299359394468e-03 -1.885852913022341149e-01 -2.894046405264365962e+00 -2.146732508121927674e-01
9.755372335673571926e-02 4.035987832567269201e-02 1.034504980934385587e+00 -3.997425900935986376e-01
1.302236804641334345e-01 2.682451760612243330e-01 3.518494320693052124e+00 7.611063096056554234e-02
6.062186249096319229e-02 -1.132325705465449250e-01 4.795924508345294157e+00 -4.340540106580312307e-02
-2.542213076720816530e-03 -2.221557333115770083e-01 5.136564587193184650e+00 -4.727970652383000627e-01
2.208012819519867762e-02 2.350041221822217197e-01 4.809484310981758881e+00 1.245250338127519146e-01
8.241012954826289205e-02 1.240943302719447333e-01 4.093561464714728260e+00 4.691852530263270760e-01
8.886147699334247252e-02 -3.233197608565453740e-02 3.267023159033354496e+00 -9.871919028518937045e-02
4.014231416565886001e-02 4.108370057565869926e-01 2.553465940715447857e+00 2.353303679629315803e-01
9.007215784817971735e-03 1.116680570323362653e+00 2.057552860285810414e+00 1.476311243951821339e+00
3.814776611988691252e-02 1.173044112060671473e+01 1.747758236470840387e+00 1.470641611110913161e+01
9.061913170677360352e-02 4.531560794466228259e+01 1.512047921748320922e+00 6.911491155623393468e+01
8.961457822018824293e-02 1.837556725160529453e-02 3.423648937966896710e+01 -2.073961194902935179e-01
-1.747898577151901500e-01 -6.225594381083684320e-02 4.933114968928650512e+01 2.128375854538320233e-01
5.680488134316127868e-02 1.280780131507227790e-02 3.870327924008996945e+01 4.040277939233444804e-01
1.945408334438600007e-01 5.569618259501557533e-02 1.133724648202098173e+01 2.573073373776744721e-01
-3.932218954238010655e-02 -6.194999842959542091e-03 -1.464795997234240943e+01 1.125388471407019753e-02
-3.398676984478186947e-02 -1.962691297036280036e-02 -2.877031424645916502e+01 -1.999401810966897897e-01
1.408040711362166797e-01 -1.279346278916205235e-03 -3.109374120184774881e+01 -3.388223089970320845e-01
3.517020277631376785e-02 -5.550436786413958865e-03 -2.524184514301829907e+01 -2.263732209108831328e-01
-1.018605084203544064e-01 1.658721646315798560e-03 -1.525565129710090595e+01 1.006460638910632033e-01
3.692548495844695522e-02 6.252705219781062168e-03 -5.326336751777207112e+00 2.254192965823541284e-01
1.356893547911243725e-01 2.457533196404963413e-02 1.497647677588906934e+00 7.346984669124820289e-02
2.313961582227769265e-02 4.814243470997899010e-02 4.459861593482877140e+00 -1.426240654070437541e-02
-1.324309320809851850e-02 -2.549845347305387117e-02 4.627032295773228832e+00 -1.190583645966985515e-01
1.088811802943541462e-01 -7.887985434687835862e-02 3.560273674699681479e+00 -3.476611226161688273e-01
1.321100978513894131e-01 4.610899746627500351e-02 2.355020066440480786e+00 -2.482371138271328159e-01
1.662649345737617426e-02 8.173287032802714625e-02 1.434942437700083007e+00 1.013661322703405809e-01
-1.196598733424110959e-02 -7.690154716902622423e-02 8.038715608622702957e-01 5.069445048520288682e-02
7.292276777472223026e-02 -1.066059492995827945e-02 3.600399818742243685e-01 -1.310780347811971169e-01
9.209583248903742414e-02 1.558006492756039141e-01 6.233161757520686713e-02 4.669046876890903253e-02
1.512687396112688022e-02 -7.458727577432155975e-02 -7.300014428349327344e-02 -7.681617020586010980e-02
-1.184459401116725805e-02 -1.981383717598676764e-01 -5.029226753508708042e-02 -4.950448807981370214e-01
5.838081039328265470e-02 1.661391009100987581e-01 6.162721701000920677e-02 -1.511186784502334679e-01
1.060483184457782363e-01 1.388647006961532537e-01 1.574317472576116650e-01 2.603776560496254833e-01
6.022310451251623731e-02 -2.190045966008263845e-01 1.633063726500155466e-01 -2.675932911023935490e-01
3.157535823042920218e-03 8.024252657896870089e-02 8.441012438047436339e-02 -2.693369114552678911e-01
2.264251245309093982e-02 2.581375796821626656e-01 -1.121878609273400766e-02 3.900495042928444067e-01
8.870969798349166713e-02 -1.028536037380280571e-01 -5.372515810446724938e-02 -1.222224793227534578e-02
1.179019433431340164e-01 2.446310971075280338e-01 -2.091614433247601310e-02 -3.785707683696207249e-02
8.958823182604157276e-02 6.060669406803972370e-01 5.412944254555528828e-02 8.628217317090831617e-01
5.684730248159377414e-02 6.662364516414828408e+00 1.127027517385076755e-01 8.232882257391834102e+00
6.323756344578926325e-02 3.616054224824362961e+01 1.157791649170598347e-01 5.232675841310859965e+01
-5.793834510809670046e-02 -4.499723395101924012e-02 -3.054513929616418011e+01 -2.671671349540897383e-02
1.788631560070354787e-01 4.912904768322400029e-02 -2.296631774827404371e+01 2.791096628728648721e-01
-1.590118039005374712e-02 -6.265880090968543176e-03 -1.056780908567830402e+01 4.577360801144055857e-01
-7.133036744374066096e-02 -5.766403788364115462e-02 -3.209248743605696563e-01 3.344816787292276272e-01
1.705661491077348491e-01 2.147421854820135562e-02 4.209159336911842964e+00 3.267147282458567753e-02
1.142754237268698569e-01 5.531586698197145380e-02 4.215054912542482768e+00 -5.636612141676100585e-02
-3.354376146533690622e-02 -6.496533987442281236e-03 2.667610790576390389e+00 1.235117574603635110e-01
9.159248991661485262e-02 -2.259691453560369948e-02 1.439115443330602817e+00 3.597209101420266730e-01
1.258240346818744471e-01 2.441796453687214430e-02 8.408116528363177578e-01 6.506539894987877215e-01
-2.163178632903898363e-02 4.758331499958707439e-03 5.012836116097565409e-01 9.097666570539509889e-01
9.617844364937377585e-03 -4.638187320266996122e-02 1.558197188563857638e-01 8.236060076092227566e-01
1.501005926628602716e-01 2.616466663893745118e-02 -1.461224394952524708e-01 5.760623104304029019e-01
1.056851906510632988e-01 9.339606518214586817e-02 -2.367766488616254161e-01 6.078031070961380511e-01
2.088248905508565886e-02 -2.994437078149607065e-02 -7.298490967864211532e-02 6.797575726186578793e-01
9.177758830926233125e-02 -7.757225106508837398e-02 1.935756060533021239e-01 6.555096940241134096e-01
1.485246218886633607e-01 7.290852389649586651e-02 3.400103490740643553e-01 8.984185316942339128e-01
6.846662542575084054e-02 2.876603583077592605e-02 2.572942430799805003e-01 1.041408495874764473e+00
1.279882365989767554e-02 -1.087766950754616296e-01 2.652509344365238178e-02 6.744111693198887592e-01
7.333927099750375822e-02 8.256855266434046103e-02 -1.647426921458473026e-01 5.174024713704484801e-01
1.057213261514017288e-01 1.409239762922886718e-01 -1.777441649879306362e-01 6.682952345562117591e-01
4.280989158912151815e-02 -1.611854418145257095e-01 -2.445178350357669894e-02 3.255065779121661396e-01
5.746440275495405363e-03 -5.670569881226823761e-02 1.560378803552800453e-01 1.747401579688089290e-01
6.036782568147022049e-02 1.990216352781182529e-01 2.186244805355412879e-01 6.567673076095993379e-01
1.154196211722443716e-01 -1.158540893263387411e-01 1.273524142128327485e-01 3.072121651838404799e-01
9.407592511169830807e-02 -8.331174299422924867e-02 -2.500966747679281982e-02 -3.284358981880591832e-01
5.144910601279032575e-02 3.453093731979000047e-01 -1.041432068282549528e-01 2.208412288909588073e-01
6.720833986829578832e-02 1.459816278522350907e-02 -5.231158959549297993e-02 2.706305993673830956e-01
1.218217304279501922e-01 4.186971394768951998e-02 6.889608558578416697e-02 -8.661414813909647237e-02
1.388289517541704543e-01 4.323567161756606825e-01 1.438658600179901215e-01 6.768594279538605596e-01
9.937988685864329597e-02 3.527233847346483042e+00 1.067487463671974585e-01 4.344930316448767371e+00
5.680724992803631856e-02 2.741053093940869445e+01 -6.313108205141262051e-03 3.777050274018014164e+01
1.667621049324389537e-01 6.192229640179069267e-02 3.973854168761806971e+00 -4.094268688077307594e+00
-8.487907199122866897e-02 -5.081183420105505472e-02 2.081191677030132414e+00 -6.723270886528481149e+00
9.310653558259608664e-02 1.517085559826207054e-02 7.915780638451462847e-01 -1.002430280019754427e+01
1.256384455037651282e-01 5.986233063859962289e-02 7.572639270284424462e-02 -1.342332485486050686e+01
-4.800530718983786471e-02 -5.239322475154221948e-02 -2.813335547356353161e-01 -1.649663075064943030e+01
8.124813110182924070e-02 -3.161329709649056408e-02 -2.927556037250135246e-01 -1.893523284395951478e+01
1.634160432193690060e-01 6.300734838323528153e-02 -6.754097586315281621e-03 -2.031441385279638823e+01
9.463977165636639974e-03 1.061162090167199097e-02 3.396443672844559614e-01 -2.073126622446970302e+01
4.232819284499329815e-02 -2.911645424111724764e-02 4.681840585438359903e-01 -2.071190136127546566e+01
1.474123367476892488e-01 4.766648741613923462e-02 2.950323724870915765e-01 -2.036195392281060279e+01
5.485875771774174209e-02 1.930650693180729210e-02 -1.631803516018843353e-02 -1.958481542169361589e+01
2.603128764729456535e-02 -7.662939956842951261e-02 -2.175302042765689114e-01 -1.870895558827278293e+01
1.524083592309881108e-01 1.835073167277389075e-02 -1.798106580847715075e-01 -1.788528569557063719e+01
1.563637026308076217e-01 1.002902919212539518e-01 3.153169194987198720e-02 -1.703995325123171156e+01
6.269722429678149800e-02 -3.652720004394586356e-02 2.376142566202912032e-01 -1.641560077363552850e+01
8.596486281781702543e-02 -3.468183956241653598e-02 2.854293715243331198e-01 -1.614855330784972764e+01
1.416329636726775254e-01 9.229994463927612691e-02 1.511971597580221705e-01 -1.633726088324499770e+01
8.193968793810904594e-02 -4.410719931819014755e-02 -5.005950437111090362e-02 -1.733952625614093535e+01
2.709385604319002397e-02 -8.272284420795766868e-02 -1.606068595759453377e-01 -1.855024841397454693e+01
7.603480614374290292e-02 1.531764198100721286e-01 -1.047833035975192645e-01 -1.928598441722207824e+01
1.163201855676093827e-01 3.311454932344425756e-02 5.928143945182565849e-02 -2.036760194361892573e+01
7.245366146791723527e-02 -1.361360525691899248e-01 1.930077377464297916e-01 -2.166890809867122414e+01
4.336948827664918044e-02 1.331028246396289694e-01 1.909135587231896580e-01 -2.167625968427126892e+01
9.950155638147155368e-02 1.025476689747413170e-02 6.250057744937426163e-02 -2.124202736814434900e+01
1.584812170022855682e-01 -2.170585580187435748e-01 -8.176789698322589617e-02 -2.095902244752308263e+01
1.476275335026007995e-01 2.748763653384045935e-01 -1.225584023306425380e-01 -1.866147115099069254e+01
1.139244804090479568e-01 2.127449593687275320e-01 -3.143040890838124518e-02 -1.526092823586234459e+01
1.221009622730900718e-01 -7.249531334467060328e-02 1.046277283614566733e-01 -1.222542207073282050e+01
1.517361266900873751e-01 3.807193647928923119e-01 1.631187230818900991e-01 -7.938847189078300559e+00
1.427982325571669764e-01 1.795851716926188946e+00 9.517130022097508579e-02 -2.612220479601894407e+00
9.289238242806811818e-02 1.965238198691068661e+01 -3.608466037491917661e-02 2.337831457567172677e+01
1.718774604734193967e-02 -5.196435613953302723e-02 5.776266658932817100e-01 3.481029705686496101e+01
2.171121574374665075e-01 6.330172758820101775e-02 7.057480560476079301e-01 4.765355637679347467e+01
1.039074949801602026e-02 -2.537681292112392573e-02 4.020654596886835686e-01 5.657673846316649957e+01
1.351275872469720474e-02 -1.961851386909561554e-02 -1.024151347502332138e-01 6.108390514482896805e+01
1.705002641338427549e-01 8.066791032507160397e-02 -3.998874072478661446e-01 6.118611120882749788e+01
4.200471875756552065e-02 -1.374725519915840147e-02 -2.689445412400317537e-01 5.771397795383477103e+01
5.310412101254032707e-02 -5.200596122417302375e-02 1.243127850357569758e-01 5.217878618755500497e+01
1.685994512343297058e-01 4.854481300387489956e-02 4.268666352003136488e-01 4.515722313035551139e+01
5.496588507923743511e-02 1.104221485654605268e-02 4.244310301441413524e-01 3.642368038602879210e+01
1.830551372519304693e-02 -3.153959273839491290e-02 1.686775219479701715e-01 2.717345717289016349e+01
1.277246204003598118e-01 6.628413371610966665e-02 -1.178739527861188546e-01 1.919760350526111026e+01
8.457462489644830550e-02 2.952556390288176014e-02 -2.239878729772478982e-01 1.225296797397603044e+01
3.285415477678764462e-02 -8.470861296654130790e-02 -9.450400699806846272e-02 5.642558320933517280e+00
1.382121075579618441e-01 2.909588649849823017e-02 1.397591187829237136e-01 7.070111328615777957e-01
1.723692495147361448e-01 8.125372000103495140e-02 2.784663608936843726e-01 -1.803053543935368985e+00
9.444843646987810537e-02 -5.281636829198452926e-02 2.227950046553329178e-01 -3.244158394792647115e+00
1.002426975624183259e-01 3.345845367673325882e-02 4.070314799445805265e-02 -3.888802969397680886e+00
1.438371586146632297e-01 8.576459903642216775e-02 -1.105505455097344630e-01 -2.622004169240953253e+00
9.230254632896733868e-02 -1.097346765427607423e-01 -1.183765091397061819e-01 7.110603779217782305e-01
4.197882253811180409e-02 6.058248977729576573e-03 1.233494128710732520e-03 5.554241893190626556e+00
8.821672682650121000e-02 1.460922652785859033e-01 1.329733680766485293e-01 1.161771114263776639e+01
1.266596733582879553e-01 -8.808417126638461159e-02 1.682274264659410212e-01 1.918828587979344036e+01
9.128492898614813666e-02 3.071338894556066568e-02 9.071834830983584175e-02 2.865258781348726913e+01
7.410155157081393940e-02 1.537253476797368901e-01 -2.370853071219851047e-02 3.825456449464086006e+01
1.294167818244501000e-01 -2.212549603539921694e-01 -8.159855851832305274e-02 4.686447270166037526e+01
1.818816278542171594e-01 5.596399446430927460e-02 -4.587503322717860488e-02 5.588365905275986023e+01
1.714947916374706671e-01 3.419182770085275602e-01 4.612084215200103893e-02 6.322587729724338601e+01
1.429646124511232963e-01 -5.020797976802863355e-02 1.174959001433643485e-01 6.555532119942756708e+01
1.500296805526789012e-01 3.447004086540040868e-01 1.136105889592733398e-01 6.412237591913147128e+01
1.673927914438029518e-01 9.533282976841875866e-01 4.492220720060886158e-02 5.799994220645566401e+01
1.502398261272002988e-01 1.330999381041107554e+01 -2.824261438198836377e-02 5.963743337199887407e+01
1.368730806718603532e-01 3.805817031431033698e-02 5.985683669116004246e-01 -6.005519293161915328e+01
-1.134079648680291590e-02 -4.827871896678014724e-02 6.706281023265119323e-01 -6.663481385202224772e+01
1.729249868499018739e-01 3.956497573157357478e-02 2.952131954747029829e-01 -6.516645712656804790e+01
1.035405588624087048e-01 -5.961286779142152374e-03 -1.797492808397554154e-01 -5.813943562323500203e+01
-5.012958245673606163e-05 -3.603712395788017525e-02 -3.783031970078017392e-01 -4.797987991697299748e+01
1.567228883312115906e-01 7.015091673540956030e-02 -2.031918564954117989e-01 -3.562482490047148787e+01
1.120723375053999243e-01 1.495197206183145056e-02 1.701903015682476317e-01 -2.288368077101712572e+01
7.108299087511299463e-02 -4.651150696419334429e-02 4.455485122333898151e-01 -1.188022222152166307e+01
1.831606871326425801e-01 4.441420940279242058e-02 4.156184300285523103e-01 -3.119127999359351922e+00
1.081981544529494327e-01 9.877841386336822394e-04 1.264611879264488647e-01 3.858521751447440362e+00
3.742613811427400461e-02 -3.336356015149594123e-02 -1.685027571100196075e-01 9.246751062174933367e+00
1.216672313107959730e-01 8.861177549143130217e-02 -2.382275557157174650e-01 1.323001222797838672e+01
9.523080213413082085e-02 1.566854022154034326e-02 -5.907259970295099250e-02 1.599091256223858082e+01
3.586222297249321012e-02 -6.798478603110998109e-02 1.953598743960231476e-01 1.795096640576986857e+01
1.180528566490379044e-01 6.358092273576193554e-02 3.092784244031970831e-01 1.950182036057756818e+01
1.628465396477732918e-01 1.823602864984555719e-02 2.006112358339030843e-01 2.027045380307641409e+01
1.129561864734126703e-01 -3.800710331932530966e-02 -1.911115283284749861e-02 2.028215167141827280e+01
1.315199252428838339e-01 1.168770400146322830e-01 -1.570391919177537288e-01 2.027909323865762659e+01
1.712016632408621397e-01 -8.652620638321628600e-04 -1.086150209792702687e-01 1.985727162550017866e+01
1.214188993422598006e-01 -9.509244389500220995e-02 6.173136952467945388e-02 1.871286155864018852e+01
8.112693664523720760e-02 1.373708271833581629e-01 1.887197197266582416e-01 1.741867098342688536e+01
1.236768244251118670e-01 -1.794613670220621430e-03 1.630769706752056569e-01 1.507377902474485687e+01
1.498033070212717588e-01 -7.729979672357802090e-02 2.594958354931408903e-02 1.096484874556085032e+01
1.100482206076198455e-01 2.491884940338956189e-01 -8.382402273568145823e-02 5.715204512290608108e+00
9.583518534628639174e-02 -6.571266140290031588e-02 -7.057261158138738999e-02 -1.556378477270965677e+00
1.410953810045300627e-01 -1.577426970022050845e-01 3.202771518726137134e-02 -1.133702570918650743e+01
1.715018288655774936e-01 3.649067823948455858e-01 1.127163179120665298e-01 -2.287490414205620581e+01
1.531557304677778064e-01 5.267381787995610402e-03 9.842862054979992226e-02 -3.672852224182556569e+01
1.389806402206172076e-01 3.633265260878451586e-01 1.553423067168264830e-02 -5.087390325111668687e+01
1.631680832946603432e-01 2.218716928340300765e+00 -4.693346830587934865e-02 -6.328536105161953174e+01
1.914731811413946938e-01 1.381292926411317623e+01 -3.105691063706743013e-02 -6.200615780926481335e+01
6.117154607153703696e-03 -4.238613939395027494e-03 6.499709576754366669e-01 2.227952587107529325e+01
1.667032489947104790e-01 4.772289951278474440e-02 6.287743459683513558e-01 1.935293137182540235e+01
1.908414181954084729e-02 -1.968643227270414769e-02 2.234339819365780966e-01 1.479059792723059452e+01
1.312818392683054447e-01 2.388579196589349016e-02 -2.146982626590421550e-01 9.847746267766552819e+00
1.611575189448947176e-01 6.778735312272438952e-03 -3.614076745710722571e-01 5.586235977443695155e+00
3.139796153549982011e-02 -3.943520757565639051e-02 -1.410647824020057062e-01 2.679109372636725883e+00
1.411918644646308618e-01 6.004525603109169690e-02 2.257040489580383613e-01 1.048306416432486676e+00
1.409810292547823418e-01 1.596804894546810863e-02 4.373737976107615610e-01 2.001666541942699606e-02
9.716754130710182624e-02 -2.053981026966372400e-02 3.596818476338168313e-01 -6.483939133080420802e-01
2.084082524268774939e-01 4.832428571168049386e-02 8.045788776262946529e-02 -1.002863304969481506e+00
1.738168024327717553e-01 -2.410765062332208622e-02 -1.801450758854200029e-01 -1.344490132962977924e+00
1.059320580812855433e-01 -2.829108484671085701e-03 -2.184535057590745177e-01 -1.466547979668443302e+00
1.701415666184155906e-01 8.463670073309448316e-02 -1.595521521138555318e-02 -1.199553411270117165e+00
1.369701255459307709e-01 -1.409624515395359497e-02 2.337978911892381606e-01 -1.030217615279092280e+00
6.492686342247801223e-02 1.773349479502298346e-03 3.074970204157682074e-01 -9.159648307348418061e-01
1.233279768489471268e-01 5.273297135304747668e-02 1.550833292350932424e-01 -7.349483761624036049e-01
1.574049907595040376e-01 -3.649808233869699520e-02 -6.919201926596499352e-02 -9.522018442036759289e-01
1.328622292385729375e-01 6.052970167665784607e-02 -1.658981159430974739e-01 -1.116634873005867501e+00
1.800205187358668302e-01 9.056653849296153469e-02 -7.066326161361050073e-02 -9.249504859151934655e-01
2.274859876068436038e-01 -6.400404500706180499e-02 1.102025406651811340e-01 -1.086145832636421504e+00
1.864141956157290836e-01 8.395312460247866815e-02 2.072687701177508279e-01 -1.064902130150680915e+00
1.645398089200122149e-01 8.284905730979849614e-02 1.386336297417060104e-01 -8.695400403242248277e-01
2.065583669436021896e-01 -1.217376147249307899e-01 -2.143373705586033157e-02 -1.442040282530514084e+00
2.103783712341377732e-01 1.550545769935309792e-01 -1.163824916759555322e-01 -1.486355755938088885e+00
1.598643420903927415e-01 7.961274688413924050e-01 -5.821121935731333324e-02 -1.132980203487977677e+00
1.396453871948433456e-01 3.741208485940744399e+00 8.486599199204802879e-02 -1.562673344095792061e+00
1.622387103111220807e-01 8.910772899627556143e+00 1.615989767540062239e-01 -6.040507660210430174e-01
1.659122857698134279e-01 6.965732060676844917e+00 9.592884474615012702e-02 9.973765032472530212e-01
1.485288632215303051e-01 -7.921291659977616639e+00 -4.128720858255297693e-02 2.483924740421352251e+00
1.639287585628283195e-01 -3.031181609582742453e+01 -1.104471977496247898e-01 6.212244690572691574e+00
2.158977311697280466e-01 -4.082286905829244006e+01 -4.698950588283621471e-02 1.676397977771448566e+01
1.456409942527157331e-01 1.117662403904286575e-02 6.592992862076091365e-01 -3.654604795373722625e-01
1.925676947423952609e-02 -2.155749520016799620e-02 6.224651723717800067e-01 1.434885875207337069e-01
1.708472294407510361e-01 3.458940249019896301e-02 1.850307739061674839e-01 1.554056239568809561e-01
6.051937321492353861e-02 -7.470811207018645443e-04 -2.592156503833150105e-01 -9.371296802677624160e-02
1.113467154539340004e-01 2.619329942435519656e-02 -3.597856942383993450e-01 -2.128774983954092037e-01
2.006127686245627872e-01 5.667126746042657100e-03 -1.056340475108866889e-01 -1.721398677040703040e-01
9.253327936991408154e-02 -1.996573039282420817e-02 2.718355221419413992e-01 6.310369505616378327e-02
1.585249133753560136e-01 4.213153650955454854e-02 4.716761468693267401e-01 3.592731428999680343e-01
1.578450403519877643e-01 6.854407448223742705e-03 3.300084565443662243e-01 3.434770532596304604e-01
1.190821865264192342e-01 2.079531361976100917e-02 1.970770224597057259e-03 1.833054059337427821e-01
2.379686969673102115e-01 3.124547444598745408e-02 -2.061423295316566207e-01 5.613133934590473079e-02
2.385604867534597551e-01 -1.775624280752384834e-02 -1.618582238719694644e-01 -1.132261987102661654e-01
2.053523998209170198e-01 2.217622586961196657e-02 4.267157485805368744e-02 5.755903714560047131e-03
2.718443186936914668e-01 5.696226929173792142e-02 2.329878998666952694e-01 2.352204429033038779e-01
2.275098810374392433e-01 1.379608589336446187e-02 2.694626471645600874e-01 1.795973150103979954e-01
1.530340289581532953e-01 3.705092284989538326e-02 1.248672263324047960e-01 1.956463564016337475e-01
1.828344055017961101e-01 3.303063896734851485e-02 -7.839485101775078846e-02 1.078956403410370052e-01
1.898814025506496139e-01 -5.494013839182498513e-03 -1.555649180194166592e-01 -1.729145281562114445e-01
1.879836538865180817e-01 1.218874709046058463e-01 -4.304015233048218841e-02 2.996918025577843467e-02
2.691544250711690456e-01 -6.784278848385286859e-03 1.378982823416260994e-01 1.383133105909206684e-01
3.228276988723116636e-01 3.249695964379312185e-01 2.107871104140273955e-01 -2.029038952874105337e-02
2.984116364531261278e-01 3.763722895977334559e+00 1.136448887415291986e-01 2.914503877050642622e-01
3.037563920912499937e-01 8.742999999122330834e+00 -5.353121596085167605e-02 3.982148793691626942e-02
3.440954263000758351e-01 4.642027357057195935e+00 -1.323279823363199548e-01 -2.724609910086426834e-01
3.267742096542298746e-01 -1.700183501087720472e+01 -5.100347083609613891e-02 2.871778855745526493e-01
2.721539408200753796e-01 -4.273980432529641860e+01 1.086415344441924724e-01 -1.054112997700710347e-01
2.528717442272885307e-01 -4.115339876324389934e+01 1.888213206587458781e-01 -1.242908499032937542e-01
2.528421387192427705e-01 -1.351655531314909231e+00 1.147499332017558604e-01 6.275604901539680869e-01
2.327524610446000952e-01 4.733448549311822262e+01 -3.519522267386589187e-02 3.401946871696439473e-02
2.225842400324508641e-01 6.415996795774485406e+01 -1.136313807756312716e-01 5.342218632048914007e-01
2.604427089181691746e-01 4.467374318472875672e+01 -5.404072521371932475e-02 3.959490227804934204e+00
1.647451851302808301e-01 -2.530029031857231308e-03 6.619787375286355635e-01 3.589225358423031587e-01
2.508505262720818196e-01 2.924176267327758399e-02 5.970404292553845860e-01 4.654714843718738559e-01
1.095014623566492040e-01 -1.533065372285713143e-02 1.926169327905286333e-01 3.233075348549749872e-01
2.130437254257124824e-01 1.217927200155550192e-02 -2.290660827917818110e-01 -9.900899612603488234e-03
1.198857108581956876e-01 1.873872366827167291e-02 -3.773375624544065832e-01 -1.970847486252459146e-01
1.362942788792338711e-01 2.275925643301813378e-02 -1.144006083244332866e-01 -8.722071830928219971e-02
2.433763202772984413e-01 1.027193353805173036e-02 2.925218270033174695e-01 1.077098742385572822e-01
1.746443205422932021e-01 2.595239042807205750e-03 4.671256378716559521e-01 3.269979164090465740e-01
2.228776002793285416e-01 1.790278676690976525e-02 3.247005770961580162e-01 3.681317511616291061e-01
1.917983402433992846e-01 2.550438304410201570e-02 1.835189693929883265e-03 1.083057603701500365e-01
1.480458983486157287e-01 3.079842972334409512e-02 -2.390377076535187550e-01 -4.917361585850328620e-02
2.715042846098163487e-01 4.324416041147158274e-02 -1.734814658716359315e-01 -1.014695320235336068e-01
3.005802399860235119e-01 -1.960371011392753743e-02 1.046172300955297008e-01 -8.788229166159193528e-02
3.214112760444218786e-01 6.073778462624153385e-02 2.847789429866475208e-01 1.818376058140195872e-01
4.067233376104736342e-01 5.410410579593861319e-02 2.267831545857520725e-01 2.100456878822057338e-01
3.664890513442990438e-01 4.121573442697435558e-02 5.087731700537334589e-02 5.362171046247069667e-02
3.029630357804228291e-01 4.325150712221741828e-02 -8.355009681876199301e-02 7.058990577035356706e-02
3.076709333580979755e-01 7.371297484338751316e-01 -1.013545073048258693e-01 -1.414659253907552816e-01
2.818626890511576888e-01 5.946393024744378586e+00 -5.963002368111228364e-03 -1.126201577263142850e-01
2.998535138500501573e-01 9.042317499368749623e+00 1.233151033349216136e-01 1.965629835441589646e-01
4.082052611220545746e-01 -8.193220812407282949e+00 1.749298984099518783e-01 -1.733228562268408074e-02
4.674260261078566070e-01 -3.899534690117927482e+01 1.019664780426076112e-01 8.104537449385773584e-02
4.677216629838013007e-01 -4.309043337440712662e+01 -2.744780607000971845e-02 1.302792276211918732e-01
5.045182632450269100e-01 4.955720141360016484e+00 -9.660923869734300284e-02 -3.786382432285267940e-01
5.410322074454954056e-01 5.755864847064948719e+01 -4.781353377593272613e-02 1.045535358100759399e-01
5.151184025817305834e-01 5.778695726936338417e+01 6.728990774406554132e-02 9.240241815454888763e-02
4.717854971719213086e-01 1.471640783992986456e+01 1.360699372737483315e-01 -3.370204627881575599e-01
4.520007536055712927e-01 -2.402195671026996848e+01 9.966829826626230626e-02 5.123971407377495568e-01
4.219128222773295689e-01 -3.333071184388058583e+01 9.204882146966625669e-03 1.176967387399501935e-01
3.778625365422840776e-01 -1.921461470685808948e+01 -3.440369524342432733e-02 3.840525868979407509e-01
3.680955730731562681e-01 -1.640470279158017686e+00 1.155413202558573139e-02 2.608719292553282720e+00
1.300400403038314834e-01 2.101719834850561408e-02 6.390262981939209830e-01 3.366175550089305357e-01
1.615420629133055841e-01 -7.627623110782018150e-03 6.115006698936739093e-01 4.452601204249532763e-01
3.152543469029738255e-01 4.426248449632270987e-02 1.934024353708105326e-01 2.927375572896822042e-01
2.216780347614133173e-01 -1.311199410236008576e-02 -2.491985311748445564e-01 1.755048402686383568e-02
3.028037375886825089e-01 5.977965508915468809e-03 -3.349550928183531728e-01 -2.188067107926389698e-01
2.148336667970674740e-01 3.174610708872360743e-02 -1.055165368116075530e-01 -1.426632127924251925e-01
2.144819647025890119e-01 1.882410488526629205e-02 2.657074290557700502e-01 1.020964605682174592e-01
3.218179597527845992e-01 2.742524060657045362e-02 4.839337142398397740e-01 2.511968203298396429e-01
2.931421133028245252e-01 7.346386324945021300e-03 3.143999055568995615e-01 3.051196465827312188e-01
3.410437621366069760e-01 3.126749761276055584e-02 -1.837931593796044219e-02 1.140706090053451444e-01
2.665905041593282787e-01 1.808509269562825691e-02 -2.028718503001176454e-01 -1.322067606369474180e-01
2.155226452981714447e-01 9.284059663576771371e-02 -1.695429413203738134e-01 -1.003170058810767123e-01
3.257335795063946438e-01 1.252051900812780130e-02 5.575879994735159773e-02 -5.071888897911484145e-02
3.738456709432576575e-01 1.782399577708383698e-02 3.035081776596506020e-01 1.079232001148351383e-01
4.622953267250387577e-01 4.780429267418090933e-01 2.924468984066761479e-01 2.676563568348386823e-01
5.675901629106077095e-01 5.455942337186924895e+00 2.886875133239351701e-02 4.615838685765003002e-02
5.406688892836474247e-01 8.962274407872214965e+00 -1.633564678612057508e-01 -7.730624366651602485e-03
5.026729276633491450e-01 -1.291308076307483255e+01 -9.804399172083401448e-02 -3.543911902090391558e-02
4.709737997567490786e-01 -4.587314916782473517e+01 8.486159775398678662e-02 -1.542046084567210984e-01
4.102693003746690215e-01 -2.922389265594489771e+01 1.697235075827893125e-01 1.790315623185378124e-01
4.439193684701594478e-01 3.874258318422253211e+01 1.117419307243771309e-01 1.145841767096877628e-01
5.472921985263350386e-01 6.549242666644748567e+01 1.339349482496155451e-02 -6.079416445361000149e-02
5.890543309083304813e-01 2.298841288779795278e+01 -2.626482490835646902e-02 1.726705257625585355e-01
6.027560367268494090e-01 -2.528490389415038564e+01 3.704929581034823154e-03 -2.820193972595433363e-01
6.422812666540872462e-01 -3.243795374074770876e+01 5.072645745390365335e-02 -8.315512626808080343e-02
6.490801298448349854e-01 -1.318983715450627336e+01 6.481737706383790265e-02 2.681747921652105071e-01
6.106971813954173989e-01 1.437998392572400475e+00 3.126383215854172670e-02 -3.991062135133618960e-01
5.784840033571213569e-01 4.253281051339675045e+00 -1.909587225009233558e-02 2.799363131515252290e-01
5.423557525726639961e-01 1.599448751625632825e+00 -3.178069352252340524e-02 1.791003889145285632e-01
4.665923157284531109e-01 6.135310428355302825e-01 2.180690351193555546e-02 1.429205541121431888e-01
3.792949592736646891e-01 1.231032371515811796e+00 1.147058277466402598e-01 1.695724555090242225e+00
2.563992740310299667e-01 4.286165095285079073e-03 6.566915092379643770e-01 2.637618217553998057e-01
1.898078997176785854e-01 2.611712154807629624e-02 6.329851244659224774e-01 4.659582794600868327e-01
1.811196858590682079e-01 -7.908022291203277432e-03 2.139601116204251918e-01 2.989070883481767527e-01
3.654360977971760072e-01 5.800375781563577721e-02 -2.130142632351304244e-01 1.854023052636845706e-02
3.325710995878509713e-01 -1.802138092959804441e-02 -3.788044258511869544e-01 -1.981042670555276664e-01
4.203392024578826436e-01 2.267404488728403181e-02 -1.023581499320779381e-01 -2.104730239528029845e-01
3.376306168005362984e-01 3.173540114956053398e-02 2.733445717860624735e-01 6.210597320982206432e-02
3.542936232273714015e-01 3.738251404797957728e-02 4.225758632420090199e-01 2.493241094094000576e-01
4.593136228942436006e-01 2.668262524142129763e-02 3.513920552691733312e-01 2.530861583359160782e-01
4.851687840879832514e-01 5.650690434643609872e-02 3.581420654580401430e-02 1.425721177033965337e-01
5.408447607650490596e-01 1.296963722291135344e-02 -2.448172527011787114e-01 -1.194905633083697682e-01
4.166533768288961381e-01 5.406968501220209278e-02 -1.548653317412269637e-01 -1.489079082857943936e-01
3.386713304048308282e-01 2.449787481315885973e+00 9.829781784950121504e-02 6.864455821938533937e-03
4.057974029499760715e-01 9.549292339517966965e+00 2.384302719455513309e-01 7.882480482128695343e-02
4.404660523955502560e-01 -4.522136870163215860e+00 2.616588741293920939e-01 2.426650460071430038e-01
5.494870777500969750e-01 -4.305098934071893524e+01 1.244285208250994479e-01 1.126173454471880997e-01
6.316774795846807899e-01 -3.203321347857434631e+01 -1.314994505527629920e-01 -1.002285065745672638e-01
5.987505876474336075e-01 4.336357410726834871e+01 -2.030194298839587408e-01 -1.078935245266266635e-02
5.607206083351893300e-01 6.264037005750203235e+01 4.473534108466853398e-02 -1.280700498840939283e-01
4.530275888950251462e-01 5.277472580007409597e+00 2.954559145913234208e-01 6.619593262624036412e-02
2.742864251700545264e-01 -3.450105914987901201e+01 2.218928132785785712e-01 2.119644985888115840e-01
9.362553872429674184e-02 -2.274815702078494084e+01 -6.117144785130190776e-02 -1.302013654116133956e-01
-2.368841483832642425e-01 -6.841036048498458921e-01 -1.913412196965541823e-01 9.362698750184381136e-02
-8.283970542240098878e-01 4.047499540097885706e+00 -3.427258151515046730e-02 -1.344634647879408285e-01
-1.609364686253787147e+00 1.568726811820150280e+00 2.038925716665695997e-01 -2.529388689927867251e-01
-2.509597016118858992e+00 3.609340782652154522e-01 2.672634217577055660e-01 3.500918238721533182e-01
-3.434567517634718126e+00 -2.153282556883552579e-01 1.099581860512061082e-01 -3.088682274063749289e-01
-4.170673305187424518e+00 2.252101900220574437e-01 -1.083113413266603708e-01 4.606100899687655403e-02
-4.552698133470062025e+00 -1.109934907381045568e-02 -2.065466568599764186e-01 3.128489713549301721e-01
-4.563167366078758391e+00 1.423032932733739875e-01 -1.373436965809748389e-01 8.069962384607276551e-03
-4.220368229380489389e+00 6.891753738861697842e-01 1.556665727391715742e-02 1.191211590362468709e+00
