-4.467651137006459550e+01 -6.685835273905219367e+01 -4.044969906577363616e+01 -1.590344455935635892e+02
-4.307010471675602759e+01 -6.725502409558498584e+01 -3.792915624824463805e+01 -1.632913473003261799e+02
-4.348217732417240455e+01 -6.662678313426287957e+01 -3.782914923119156470e+01 -1.614744778709530237e+02
-4.114127815485218775e+01 -6.993151242886169427e+01 -3.939480207262739953e+01 -1.541179054116256282e+02
-4.234301211668206832e+01 -6.713795356622684096e+01 -3.848674645291281138e+01 -1.568093995780764089e+02
-3.951592138355292150e+01 -6.817780716294930698e+01 -3.618367478382594982e+01 -1.571488760217924323e+02
-4.119626254459215176e+01 -6.953449679470213596e+01 -3.664929407454727794e+01 -1.495238634683222188e+02
-3.825334351239259689e+01 -6.601839908958665148e+01 -3.797452169804281397e+01 -1.503452557044583955e+02
-4.001081204695034188e+01 -6.843611303026780490e+01 -3.655468015127971881e+01 -1.522975903852149315e+02
-3.717379666927150339e+01 -6.709110033336804690e+01 -3.469908181147220461e+01 -1.451960389037316759e+02
-3.882031977016183788e+01 -6.480438801622942435e+01 -3.556561296864362731e+01 -1.440168136241167645e+02
-3.634015366804369762e+01 -6.736909818717977316e+01 -3.649874748127727031e+01 -1.469896068374322908e+02
-3.765214458513889895e+01 -6.390045849612575779e+01 -3.466081352720460984e+01 -1.410836254282690447e+02
-3.567205193512722161e+01 -6.380681403507625760e+01 -3.324744068786035456e+01 -1.379814451313157520e+02
-3.661952260149704586e+01 -6.513213552380047133e+01 -3.434597388370632132e+01 -1.413263585588449587e+02
-3.521251415032681820e+01 -6.119284244138779627e+01 -3.474105155027529435e+01 -1.370709728636651903e+02
-3.570793581929226690e+01 -6.303087795721079800e+01 -3.263856858210005640e+01 -1.323622500426153294e+02
-3.486057708306142899e+01 -6.223099763367775239e+01 -3.172864842137466468e+01 -1.354802884818323321e+02
-3.496153370659941118e+01 -5.955127216939028045e+01 -3.288226527981888125e+01 -1.330541876148562324e+02
-3.459191166485327074e+01 -6.216403744807264786e+01 -3.274376620475390354e+01 -1.271671880168494368e+02
-3.431962352499979829e+01 -5.938838133672845032e+01 -3.060449131513827936e+01 -1.294540451872001654e+02
-3.433597485025617146e+01 -5.888983373324962400e+01 -3.018556839414326376e+01 -1.287618981846095210e+02
-3.380552599663155178e+01 -6.077361927319758195e+01 -3.133385845232617228e+01 -1.222890992291976744e+02
-3.407550722668946719e+01 -5.711376531325576167e+01 -3.072775239294050209e+01 -1.233268811306901540e+02
-3.336266653293784401e+01 -5.857251113262176290e+01 -2.308521572603955008e+01 -1.241140241316346078e+02
-3.379324314550980546e+01 -5.853541635068986437e+01 -2.306309576288408891e+01 -1.177231806126066118e+02
-3.301494870104691870e+01 -5.548848024942459034e+01 -2.407895870247678616e+01 -1.172853135868394929e+02
-3.349874217873310300e+01 -5.788341710318567124e+01 -2.354862011961844814e+01 -1.191978692271015063e+02
-3.273048113913642254e+01 -5.566341101445240014e+01 -2.218371067043126033e+01 -1.135415252831473651e+02
-3.322002275831378881e+01 -5.433447628813473074e+01 -2.251670949397738397e+01 -1.115998804345154127e+02
-3.253221655445749860e+01 -5.630278602851166170e+01 -2.337612392216130530e+01 -1.141938178656745606e+02
-3.296365723965804762e+01 -5.276139794496323532e+01 -2.250975556678265832e+01 -1.097613350354349535e+02
-3.238449097720380365e+01 -5.338988746466224455e+01 -2.136937085627968003e+01 -1.064240296855885362e+02
-3.274491202612322382e+01 -5.382437458689356902e+01 -2.193270203389058537e+01 -1.091955677009998027e+02
-3.228882602758113052e+01 -5.049404093657112469e+01 -2.252273392579960998e+01 -1.062792474112025189e+02
-3.255508098484744295e+01 -5.244987408694424147e+01 -2.140539961166083316e+01 -1.018257555526403735e+02
-3.222088276993281397e+01 -5.095810227993971608e+01 -2.056900658667666448e+01 -1.042946137762160532e+02
-3.241295799904253272e+01 -4.913379367381917007e+01 -2.129691080978196638e+01 -1.029874108097128556e+02
-3.219013743360538626e+01 -5.127153454896856744e+01 -2.161488066308236000e+01 -9.783995953240160759e+01
-3.231309218475206535e+01 -4.839248408858810535e+01 -2.409912899825198096e+01 -9.959998203163605979e+01
-3.218677785641575184e+01 -4.853750422561438427e+01 -2.355764787886084477e+01 -9.981726380986968650e+01
-3.226251090490623596e+01 -4.969161447477435445e+01 -2.451167570436631138e+01 -9.448647694607710434e+01
-3.220718887778242134e+01 -4.658737591019949775e+01 -2.078796951031437956e+01 -9.521430964509418970e+01
-3.223220897762402615e+01 -4.825153588250536529e+01 -1.958049248346405946e+01 -9.668115424123213586e+01
-3.223067100835185528e+01 -4.771091410976428193e+01 -1.945599993991142185e+01 -9.165725620695988596e+01
-3.220941969433793162e+01 -4.558000435140500173e+01 -2.034350159804873925e+01 -9.112094935630797465e+01
-3.224443251319517145e+01 -4.776284229757754929e+01 -2.014083246005695926e+01 -9.342983474016727996e+01
-3.217265481343009981e+01 -4.385824135467508711e+01 -1.903712714633040548e+01 -8.915110766568494682e+01
-3.225020118431067573e+01 -4.332414588790206977e+01 -1.919901371588760242e+01 -8.728101613591451269e+01
-3.213875244579033819e+01 -4.492423445286902961e+01 -1.999803969377740387e+01 -8.996516888215246865e+01
-3.226464654234011675e+01 -4.246584381584488455e+01 -1.950833085182492610e+01 -8.675885924460555998e+01
-3.211928860396649554e+01 -4.338143305451088594e+01 -1.851270991637282037e+01 -8.366678486491561273e+01
-3.230538273613471745e+01 -4.375228967749647069e+01 -1.885829596573730527e+01 -8.628168874711347769e+01
-3.213313256346757640e+01 -4.159991970680115969e+01 -1.946569508277057992e+01 -8.435131855437421677e+01
-3.237201793133701244e+01 -4.337366329485568173e+01 -1.872660624798317741e+01 -8.031986430959000245e+01
-3.217382414281820502e+01 -4.227456917750385657e+01 -1.789663415033619387e+01 -8.244974896324521296e+01
-3.245543848379111296e+01 -4.127689135577789870e+01 -1.837319880502953495e+01 -8.181469029118977687e+01
-3.223893726729106390e+01 -4.299524799027513922e+01 -1.877608933669358038e+01 -7.723384141000643410e+01
-3.253996113271091417e+01 -4.086687258800519373e+01 -1.787751970846310101e+01 -7.853920629896465755e+01
-3.231963038763988294e+01 -4.125671996419323051e+01 -1.725887023875595716e+01 -7.907266292203659930e+01
-3.261954550631477190e+01 -4.204420354982647723e+01 -1.783887660943073783e+01 -7.441750108141756925e+01
-3.241634666727620839e+01 -3.977175560080845429e+01 -1.803644328737921754e+01 -7.464104881636090738e+01
-3.268519781044435746e+01 -4.115098634377959996e+01 -1.707220307628491440e+01 -7.609672656247821010e+01
-3.252233776975977264e+01 -4.054284099835206945e+01 -1.671136171918451652e+01 -7.180580681334392068e+01
-3.273550201664819070e+01 -3.902249293048702583e+01 -1.735984454988726711e+01 -7.090193016608512266e+01
-3.263643918867158789e+01 -4.062852586379347031e+01 -1.736208805294620916e+01 -7.297737914800342196e+01
-3.276927907033080345e+01 -3.880751707522723137e+01 -1.640373711402323664e+01 -6.947791736548786901e+01
-3.275710046742656090e+01 -3.852514663829898467e+01 -1.627490337547382993e+01 -6.746920762894541213e+01
-3.279879296061500327e+01 -3.954644744669488432e+01 -1.691861754094744796e+01 -6.980861935976511745e+01
-3.288636512935330103e+01 -3.726517963175636083e+01 -1.670296758476058585e+01 -6.739241519699680794e+01
-3.283099134927142160e+01 -3.813527160403383931e+01 -1.578325004202013027e+01 -6.445408603471915399e+01
-3.302038815299713548e+01 -3.804297234962808716e+01 -1.584972078152119934e+01 -6.668680595799528987e+01
-3.287554319086292054e+01 -3.623855241661151183e+01 -1.642647755210060012e+01 -6.547778043712845886e+01
-3.315309184510540064e+01 -3.771150351476478590e+01 -1.601799738152995545e+01 -6.188051035504959430e+01
-3.293461095073927680e+01 -3.647336276298145918e+01 -1.520773330026420922e+01 -6.365885093263883476e+01
-3.327852386530675233e+01 -3.578278153786202154e+01 -1.545834613938305679e+01 -6.364119733037581739e+01
-3.301764834232572809e+01 -3.710711351753676013e+01 -1.595497775584995814e+01 -5.975456704179732981e+01
-3.339510290217026522e+01 -3.520970156021422071e+01 -1.540448369393247496e+01 -6.079659328108776606e+01
-3.312631951074206427e+01 -3.572951368657555804e+01 -1.475489131241979379e+01 -6.181102210983552681e+01
-3.350089610036805965e+01 -3.624840734691085231e+01 -1.516802687592864984e+01 -5.802823241632641782e+01
-3.326208379384734570e+01 -3.445026248805395142e+01 -1.555833379701343588e+01 -5.813842034136864356e+01
-3.358959761545610689e+01 -3.577318308166636029e+01 -1.491508203053946957e+01 -5.992278677021288047e+01
-3.341164739231602709e+01 -3.518858734082804318e+01 -1.446176551641256047e+01 -5.661449960831144779e+01
-3.365554392831708697e+01 -3.416808453355810826e+01 -1.498929620298386567e+01 -5.569594576387886065e+01
-3.356575728725424312e+01 -3.561957612458035527e+01 -1.524280802659954048e+01 -5.790132915979260275e+01
-3.369757133286660178e+01 -3.413808779721739484e+01 -1.453741706732345307e+01 -5.535552966887453152e+01
-3.371514543675802855e+01 -3.419540497196079087e+01 -1.426079299411840928e+01 -5.344492795344366698e+01
-3.372796260939849589e+01 -3.509532998978590257e+01 -1.482438412828949481e+01 -5.570902583256638252e+01
-3.386187815347713581e+01 -3.333446245572455524e+01 -1.489021613984016490e+01 -5.411210987110609238e+01
-3.376172088508698010e+01 -3.430545188591193551e+01 -1.413741131506096060e+01 -5.138887979891196522e+01
-3.400756524842991979e+01 -3.422520527723619210e+01 -1.401064982081774346e+01 -5.336607542542513016e+01
-3.381598854237972773e+01 -3.290697550095015345e+01 -1.454790371049489472e+01 -5.278339775886598062e+01
-3.414954359307441223e+01 -3.427192101575691652e+01 -1.442552498850042042e+01 -4.951662175929813969e+01
-3.389458340909426681e+01 -3.320159428658776335e+01 -1.368010721842447630e+01 -5.091556463083981043e+01
-3.427986901508791107e+01 -3.279325064674672063e+01 -1.370088078047444391e+01 -5.128730357975663878e+01
-3.399839198135109086e+01 -3.390005461037408452e+01 -1.419485346578984775e+01 -4.797702552997960623e+01
-3.439009197119702321e+01 -3.226306363331409699e+01 -1.391221376853047786e+01 -4.848583298263411479e+01
-3.412145045595734416e+01 -3.280027276419127702e+01 -1.322764298671767769e+01 -4.961978392126509618e+01
-3.447710993016491443e+01 -3.311355801838188029e+01 -1.339221927436050663e+01 -4.665815363803403670e+01
-3.426215075801334109e+01 -3.156371175097750736e+01 -1.382202705297081380e+01 -4.631594715580395416e+01
-3.454075774470260285e+01 -3.268654299267843300e+01 -1.341299293780446433e+01 -4.792739403699098233e+01
-3.441301020911095065e+01 -3.200757880958702373e+01 -1.283701886678161763e+01 -4.546469517506535141e+01
-3.458729408604923350e+01 -3.110929143871227609e+01 -1.312751502698979245e+01 -4.427887901987203634e+01
-3.456989396680041438e+01 -3.225596811669040420e+01 -1.347332843667419411e+01 -4.611209485632807059e+01
-3.462378306741327094e+01 -3.082726219126422151e+01 -1.296272070393420428e+01 -4.438667943262937854e+01
-3.472550944365678305e+01 -3.086949519148665999e+01 -1.250958990601037435e+01 -4.247102960222354540e+01
-3.466139419045430259e+01 -3.149628374970374978e+01 -1.288637354964129322e+01 -4.425728610696355503e+01
-3.487560075114257785e+01 -2.989098779414361573e+01 -1.311252980530961310e+01 -4.339957444094370942e+01
-3.470764785740385605e+01 -3.070867221708490291e+01 -1.252128568219973737e+01 -4.095237262549608914e+01
-3.501180876542090203e+01 -3.050122167969608000e+01 -1.220072775853791391e+01 -4.243030340240017750e+01
-3.476980972976673456e+01 -2.934940169365516027e+01 -1.262962199733803814e+01 -4.196079277835308829e+01
-3.512957401751056352e+01 -3.049863993828369502e+01 -1.273210438076314155e+01 -3.973732554565334851e+01
-3.485028362481889985e+01 -2.949869035878900547e+01 -1.210988557692726175e+01 -4.068499578864510369e+01
-3.522653375157764799e+01 -2.918729842128005814e+01 -1.194267801871914614e+01 -4.095102666007568359e+01
-3.495478224676894285e+01 -3.012063782793756062e+01 -1.241005103589284708e+01 -3.880430432799217044e+01
-3.530494129035336925e+01 -2.871480842832198732e+01 -1.239388722386607178e+01 -3.906295223288129392e+01
-3.508184099033834968e+01 -2.925126162567860533e+01 -1.178401151755154785e+01 -4.045950204727263610e+01
-3.536772300356015819e+01 -2.952908752824421867e+01 -1.177342803663923121e+01 -3.810339728466020404e+01
-3.522813807676074305e+01 -2.827123463316813812e+01 -1.224737464648501550e+01 -3.759741688697127415e+01
-3.541595714399956307e+01 -2.932714021582844666e+01 -1.211501821053918526e+01 -3.934535034855760216e+01
-3.538094353385545077e+01 -2.879041830487397746e+01 -1.155107073765872805e+01 -3.754602237863111469e+01
-3.545296786748897233e+01 -2.814982376311824197e+01 -1.167779895044635019e+01 -3.628986762009604661e+01
-3.553068587464127148e+01 -2.922635099560404015e+01 -1.211919323014148020e+01 -3.811323592249732428e+01
-3.548321514449895631e+01 -2.807350520630064850e+01 -1.186539792348589550e+01 -3.702375280066379304e+01
-3.566874019378427363e+01 -2.823487288466992950e+01 -1.135940396899512805e+01 -3.513303153342658902e+01
-3.551807256330808116e+01 -2.885007251015764140e+01 -1.158544007019314570e+01 -3.596804734315327323e+01
-3.579292043190881145e+01 -2.754921174935915218e+01 -1.194501238302286517e+01 -3.560969792223340846e+01
-3.556649270676827967e+01 -2.835968025066258846e+01 -1.157015739674774224e+01 -3.317686490159358925e+01
-3.590111544015709910e+01 -2.822655170511607281e+01 -1.113572915172328770e+01 -3.442782266956455572e+01
-3.563719584758363368e+01 -2.729639429122817162e+01 -1.143165798918624532e+01 -3.483356450356491507e+01
-3.599184840737164848e+01 -2.835122910378723304e+01 -1.169293661787414784e+01 -3.221969827617787985e+01
-3.572961556838495056e+01 -2.749118748413547308e+01 -1.122890053955490330e+01 -3.283588686080803143e+01
-3.606265653573983343e+01 -2.725478135179417549e+01 -1.089423610080076799e+01 -3.388291935460953397e+01
-3.584259494079918795e+01 -2.807215848728794327e+01 -1.124985518145060936e+01 -3.139178972703128423e+01
-3.611428173562949695e+01 -2.681717285099116310e+01 -1.140878478250839301e+01 -3.125402675794363816e+01
-3.596935190007906158e+01 -2.728467562176470906e+01 -1.089155528388448069e+01 -3.275333675983926440e+01
-3.615126739367547515e+01 -2.748359176920819280e+01 -1.067505617122663786e+01 -3.066149456767471904e+01
-3.610581165507986157e+01 -2.632810949029075331e+01 -1.106963367204378734e+01 -2.974899458629005977e+01
-3.617890077838041663e+01 -2.722492644224938729e+01 -1.112356924808411662e+01 -3.252924473439719577e+01
-3.624270159317552498e+01 -2.668001078622340572e+01 -1.058721818011469296e+01 -2.999741579366748212e+01
-3.620569205760095599e+01 -2.605779210111254685e+01 -1.049388161781777207e+01 -2.839105325189568063e+01
-3.637350587756838394e+01 -2.696041983406450626e+01 -1.090313831321382665e+01 -3.007791712212483048e+01
-3.623734911228576294e+01 -2.586664268916792864e+01 -1.084525921696593898e+01 -2.936656822639156061e+01
-3.649153848570303182e+01 -2.596151029491436191e+01 -1.031364545794315468e+01 -2.724156650003588709e+01
-3.628231589479013763e+01 -2.645940543765541619e+01 -1.033454136927275790e+01 -2.865595894275406152e+01
-3.659245474079914828e+01 -2.524897674898995348e+01 -1.072546947488782898e+01 -2.873104179775581102e+01
-3.634324823392852011e+01 -2.593922289458916808e+01 -1.055390749473559175e+01 -2.633487420343899643e+01
-3.667253534963393236e+01 -2.579169719509024006e+01 -1.005481237786814930e+01 -2.725881903764041780e+01
-3.642233282563872621e+01 -2.493518335858595236e+01 -1.018260145412219408e+01 -2.804905945897969843e+01
-3.673047359852407823e+01 -2.587189085147753786e+01 -1.054075794524316301e+01 -2.565779553348057007e+01
-3.651696275692694371e+01 -2.510534877281491362e+01 -1.027495358471274578e+01 -2.740900403925460083e+01
-3.676914596046513140e+01 -2.489633818133155785e+01 -9.844537136701124069e+00 -2.728491306623370605e+01
-3.662673780440404414e+01 -2.565302567907374609e+01 -1.007622789305148459e+01 -2.517708362184641402e+01
-3.679513898084582024e+01 -2.456058088729656319e+01 -1.038625161231636618e+01 -2.632244673430363235e+01
-3.674738483344839324e+01 -2.500923624115788968e+01 -1.004376083802136144e+01 -2.641830452637217519e+01
-3.681698875995794396e+01 -2.524402596755950157e+01 -9.703813460464088436e+00 -2.482995876981662775e+01
-3.687393713130242645e+01 -2.425669265061613089e+01 -1.001784794922621025e+01 -2.537634366702981481e+01
-3.684016288000379546e+01 -2.511480077358399754e+01 -1.025839180915153648e+01 -2.544616603498503338e+01
-3.699619263489862675e+01 -2.470193559732187083e+01 -9.853210482839283912e+00 -2.453052930253997488e+01
-3.686954107622497645e+01 -2.419579063996216917e+01 -9.611124013587268422e+00 -2.457947782709726070e+01
-3.710550812934518916e+01 -2.507624703775088904e+01 -9.977338371132141503e+00 -2.603626005228115758e+01
-3.690731255765803809e+01 -2.416634910713438344e+01 -1.012292024299295967e+01 -2.418945595452773745e+01
-3.719499992062328175e+01 -2.429918777042069067e+01 -9.667246333304676753e+00 -2.392041781327527517e+01
-3.695887447565928596e+01 -2.481908746511491159e+01 -9.520584732846282705e+00 -2.500011534475615704e+01
-3.726336859977043048e+01 -2.377610460393725589e+01 -9.903197484990874599e+00 -2.547517721778842059e+01
-3.702613708268936676e+01 -2.443636023388819822e+01 -9.937040698451347964e+00 -2.338420424192038993e+01
-3.731226121948350283e+01 -2.435781784082331924e+01 -9.452313584149392156e+00 -2.391938134279012118e+01
-3.711123187255442701e+01 -2.359433662066703619e+01 -9.402276121273072107e+00 -2.492001468365636541e+01
-3.734470115570066184e+01 -2.446645834876552428e+01 -9.783460522871310516e+00 -2.294993042662250815e+01
-3.721062598232955310e+01 -2.379189549458497410e+01 -9.710335726125919109e+00 -2.284592085365004266e+01
-3.736516282139626810e+01 -2.358145759678707876e+01 -9.232195658209011668e+00 -2.420399731298341450e+01
-3.731913250468583954e+01 -2.427820648026687067e+01 -9.285874322965096184e+00 -2.258881954380858303e+01
-3.737862159872173606e+01 -2.326273732789617554e+01 -9.651377436116311159e+00 -1.966969014976990948e+01
-3.743005790190716198e+01 -2.363477434277456979e+01 -9.480283501123450307e+00 -2.334573407201619943e+01
-3.739289486375784577e+01 -2.384253894377690131e+01 -9.037381667420326892e+00 -2.226376446499229900e+01
-3.753756832104869545e+01 -2.288683779627274006e+01 -9.186971522005613622e+00 -1.866378458999756518e+01
-3.741361561932931323e+01 -2.363621743828685240e+01 -9.516397973624503237e+00 -2.238297335230704022e+01
-3.763476248588022344e+01 -2.323810614412783337e+01 -9.252838113160695599e+00 -2.193862431741601782e+01
-3.744675739663623659e+01 -2.270833482534994019e+01 -8.865873401922360841e+00 -1.782778205638238234e+01
-3.771673841774975955e+01 -2.349469434363459541e+01 -9.099061357066387856e+00 -1.916365355824229866e+01
-3.749417075715507508e+01 -2.262886240712813191e+01 -9.375290008299819178e+00 -2.157697926892968354e+01
-3.778016363294874225e+01 -2.269583974393707138e+01 -9.039602367515943371e+00 -1.719068349653452188e+01
-3.755794140530233705e+01 -2.317314169403469037e+01 -8.739268968963600059e+00 -1.802354745833440575e+01
-3.782391462649800218e+01 -2.217861315526417698e+01 -9.051673235899448500e+00 -2.114830994925041807e+01
-3.763537692596543849e+01 -2.275892178112398412e+01 -9.251290218153016554e+00 -1.674129681843110973e+01
-3.784958770324459465e+01 -2.270507509205352292e+01 -8.628985546319260180e+00 -1.693655599400577927e+01
-3.772347254004707651e+01 -2.197061533858024518e+01 -8.825829552179863313e+00 -2.064304394279124111e+01
-3.786100775957287823e+01 -2.278347114590774325e+01 -4.679835275518903615e+01 -1.647895425677396730e+01
-3.781791126174474726e+01 -2.219122894547436431e+01 2.278826175384647001e+01 -1.598324958855021016e+01
-3.786599031632115953e+01 -2.198114160476826484e+01 -1.075278503873539471e+01 -1.771544831148711552e+01
-3.791548542967417035e+01 -2.266883997305046350e+01 -8.499656417505464745e+00 -1.641080770666822275e+01
-3.787261721427467620e+01 -2.176102247532675449e+01 -8.856363247695442809e+00 -1.794175263921962227e+01
-3.801115610273998868e+01 -2.211380574001861277e+01 -8.908469008986765303e+00 -1.709099042141220437e+01
-3.788925214227635507e+01 -2.237747623348877468e+01 -8.474290814652029269e+00 -9.018794575655876500e+00
-3.809962861940196888e+01 -2.151830639996104111e+01 -8.475120506550991806e+00 -3.427482753898995043e+02
-3.791846406411015380e+01 -2.225597671102777753e+01 -8.869696091583369579e+00 1.486768734621366939e+01
-3.817445559199762073e+01 -2.197616200406522324e+01 -8.798382549884040671e+00 -4.846336758281658774e+01
-3.796257458880060653e+01 -2.152394473079731441e+01 -8.337711674966026720e+00 -1.610989989760357588e+01
-3.823064284123915257e+01 -2.235400441701609253e+01 -8.397403301561078948e+00 -1.511270731452986915e+01
-3.801974067938706270e+01 -2.154292940351750119e+01 -8.788918054440912897e+00 -1.577137337803873507e+01
-3.826667732748273920e+01 -6.632749618109115453e+00 -1.563538616935435677e+01 -1.650379633931033752e+01
