1.326182734791764850e-01 3.169513853663504577e+00 -7.106680541646635874e+00 -4.951689320461824195e+00
1.876785713428742383e-02 2.283534691605239253e+00 -6.095566298100642655e+00 -4.043077701535751522e+00
-7.888850568688166032e-02 1.754248041017930193e+00 -5.105543048170219755e+00 -3.060712994316519886e+00
-3.438810566572492178e-01 1.386944907563870011e+00 -4.283533819252957286e+00 -2.158054890557873584e+00
-5.778669037401135133e-01 1.087524751901159714e+00 -3.715998695956188591e+00 -1.705130578320879664e+00
-6.199572984169202661e-01 9.844603960524873631e-01 -3.239292552829072580e+00 -1.325142339967050775e+00
-5.547019977277012348e-01 8.951776233003768679e-01 -2.735329730754711086e+00 -9.803712489677616215e-01
-3.632181422102185309e-01 8.605092390959637738e-01 -2.286264705360696148e+00 -8.382538009413402769e-01
-8.668175762502756954e-02 9.006334171386378706e-01 -1.931855322823301746e+00 -7.588307842742009202e-01
4.670621582217590606e-01 8.719235066034148884e-01 -1.570745822121454305e+00 -6.854687973756163899e-01
8.650365970807339933e-01 8.665441694001309036e-01 -1.181172860409190228e+00 -6.759576385971313162e-01
1.162204824453762164e+00 8.569893573684382870e-01 -8.594463500095881336e-01 -6.842805290540993068e-01
1.293851294622033521e+00 7.640130795557568133e-01 -6.370031863378954329e-01 -6.665781672986540451e-01
1.307552848258176637e+00 6.853013712724832507e-01 -4.524020560048818140e-01 -6.502895994552432279e-01
1.105928923432546895e+00 5.840364912366098338e-01 -2.985033279754351065e-01 -6.339988947775275774e-01
7.333725606446381828e-01 4.470144561884056844e-01 -2.046765853404146074e-01 -5.865385608840387732e-01
4.119163385237870623e-01 3.165123060704831959e-01 -1.527053543826171200e-01 -5.320042432965128576e-01
1.589424155831715424e-01 1.917242223500318643e-01 -1.011036963761969415e-01 -4.903725051808152102e-01
-1.016218687169457985e-01 6.169671805383004221e-02 -5.567412049574189947e-02 -4.212661421352100755e-01
-2.846345829444690279e-01 -5.626198470439892907e-02 -3.262806727380504479e-02 -3.466951967586047734e-01
-3.425974875230335948e-01 -1.341547374693342343e-01 -3.144057941349989727e-02 -2.985593356758934891e-01
-3.354742313514386676e-01 -1.963018058859558324e-01 -5.413401509546617724e-02 -2.316507223242207092e-01
-3.752724560558032274e-01 -2.360915350550937264e-01 -1.001200796435436913e-01 -1.513017626135505500e-01
-3.951399934479699616e-01 -2.425953380876788856e-01 -1.523510901623756630e-01 -8.684785962434468654e-02
-3.062157807179122782e-01 -2.204577878605156194e-01 -1.995019007728350280e-01 -1.386866935103697740e-02
-2.172986844933665895e-01 -1.922003487034645020e-01 -2.414395726049787250e-01 5.899051025131243214e-02
-1.068381827705213588e-01 -1.438736546103495106e-01 -2.698316295482877658e-01 1.263050900012108180e-01
2.491228485538707002e-02 -7.860824317731708588e-02 -2.753185783599296221e-01 1.895615045122681086e-01
2.713094215289496014e-01 -3.928345540148141246e-02 -2.640045078217668206e-01 2.211254759417283500e-01
4.335807624848332931e-01 1.512827027201984337e-02 -2.557058695044667207e-01 2.457815605585811358e-01
5.372911274507976565e-01 6.966567876443793828e-02 -2.588255610675908591e-01 2.657173085059675866e-01
6.022188278804968542e-01 1.063233173909338414e-01 -2.761439092870979217e-01 2.395614848619466719e-01
6.371534243152938704e-01 1.353601980540989624e-01 -3.181433404112288255e-01 2.057448795639284789e-01
5.722333597652868864e-01 1.648158077142607425e-01 -3.833996917545431926e-01 1.785341944393167291e-01
4.448826715599797921e-01 1.898481799839923101e-01 -4.511253455542921231e-01 1.110527156622213157e-01
3.493319644251465239e-01 1.876013482544095778e-01 -5.082179781059060764e-01 4.150588939746970712e-02
2.745972096716893240e-01 2.155643184274507462e-01 -5.523074139514418945e-01 -3.257710052627029070e-03
1.447490262631470626e-01 2.259471711913740855e-01 -5.778786454283556528e-01 -6.528546800172259357e-02
2.076912108625841163e-02 2.203523760962972922e-01 -5.860637238560509887e-01 -1.281152420096065281e-01
-7.904680803410980838e-02 2.567764863515681339e-01 -5.883712773256497552e-01 -1.700978765263887471e-01
-1.689270565452709871e-01 2.666553394511914088e-01 -5.808440363253943861e-01 -2.154626957775746809e-01
-3.192453934164207752e-01 2.773487660608485728e-01 -5.530276386589162430e-01 -2.557411593985361997e-01
-4.170613603975757977e-01 2.977967603504870220e-01 -5.143185962622178753e-01 -2.942597681628298378e-01
-4.313850330520270226e-01 3.097954594928695737e-01 -4.639319766677337253e-01 -3.354039270734686107e-01
-3.940007213876395853e-01 3.106609923560879616e-01 -3.744853620119382165e-01 -3.584113534224357411e-01
-2.950804117947254390e-01 3.088420105629071655e-01 -2.496947462000793094e-01 -3.905089452532801708e-01
-1.397345278407716995e-01 3.175179481799064174e-01 -1.210689677875738945e-01 -4.255553468734306621e-01
1.142868931036226526e-01 2.843156748600442207e-01 1.217747234962423403e-02 -4.210010978299938422e-01
3.038401399294960448e-01 2.641546331724093921e-01 1.656795371702148856e-01 -4.227904704179537010e-01
4.469400122124981278e-01 2.426633926470321001e-01 3.116220052577629573e-01 -4.340472935803676990e-01
5.380293355671523781e-01 1.752098728057189525e-01 4.178643330111206367e-01 -3.968451701748298421e-01
5.663213342807861261e-01 1.296196689883998276e-01 4.947016342761605956e-01 -3.557509393962974831e-01
4.937795115777169341e-01 6.776255225579810859e-02 5.574634786809031795e-01 -3.332579709483667330e-01
3.650057033817526997e-01 -9.712566823126706286e-03 5.969594879552579947e-01 -2.746255773405698042e-01
2.426068722439252978e-01 -7.125022381122983473e-02 6.154964885629485849e-01 -2.091148299718865455e-01
1.416038044344430646e-01 -1.390460583035997011e-01 6.267476672771387092e-01 -1.687362959496506720e-01
1.008481613882502778e-02 -2.063935098953198488e-01 6.276663152374435395e-01 -1.123019544397888259e-01
-8.159802540228283663e-02 -2.667606375750463665e-01 6.131963068950371243e-01 -5.156940509664342115e-02
-1.369182200814710870e-01 -3.133545618347691741e-01 5.867470604097170250e-01 -1.047445608575727632e-02
-1.737876818279405766e-01 -3.510738820917776448e-01 5.417576728447422996e-01 3.316970487903402737e-02
-2.334736320212065230e-01 -3.772140539068087328e-01 4.747299497364588228e-01 7.455758202425942505e-02
-2.604213334133999025e-01 -3.825357609063965714e-01 4.025928976156227801e-01 1.108349808921137297e-01
-2.385992190665415236e-01 -3.745551462012177701e-01 3.393309767063693028e-01 1.474947542093838770e-01
-2.073899325044639974e-01 -3.547354095782675465e-01 2.744042040017687922e-01 1.689422018031073447e-01
-1.563998899912972806e-01 -3.181254440064343325e-01 2.058319554164635690e-01 1.938285767137972182e-01
-7.357708309033192395e-02 -2.727697125613177120e-01 1.511451030001703666e-01 2.216266950810673320e-01
4.997521695299932815e-02 -2.240128947109251700e-01 1.109227639934845105e-01 2.195388204310447788e-01
1.363811645972670961e-01 -1.650473574238111307e-01 6.212290394570026825e-02 2.172963823413286699e-01
1.967032440505228630e-01 -1.028334074576584406e-01 2.080888351541976874e-03 2.236888957326333693e-01
2.511072118707849965e-01 -3.984037724509941619e-02 -5.706258664769579131e-02 1.983850574552376844e-01
2.811586277453984595e-01 1.477464912762339530e-02 -1.187223924371506034e-01 1.666425741797399884e-01
2.655157193745179001e-01 7.021125308853445879e-02 -1.903999574036320530e-01 1.479009685925171680e-01
2.331600926422053854e-01 1.192907744270459286e-01 -2.586473486345828299e-01 1.077584499024522718e-01
2.150052187565789641e-01 1.464936782857453601e-01 -3.088420137698950074e-01 6.167231354069644539e-02
1.956705449083476767e-01 1.817542504496093836e-01 -3.419291591824755727e-01 3.145625754643700811e-02
1.371229962028255589e-01 1.983870144655899836e-01 -3.599297749652263789e-01 -5.208018315355674756e-03
8.201130276912509121e-02 1.995901805585313382e-01 -3.608609095239459497e-01 -4.370846871545582685e-02
1.768549242590761530e-02 2.103848861884820287e-01 -3.522105320324084854e-01 -7.298067007389301419e-02
-5.709426766678865617e-02 2.004202802932991134e-01 -3.361768160552922047e-01 -1.016842641224571520e-01
-1.694023618516476148e-01 1.854911055950256016e-01 -3.028091252701691771e-01 -1.238250683788651579e-01
-2.447657999703556631e-01 1.710407355503300586e-01 -2.557971260063467422e-01 -1.471523070582163306e-01
-2.812729334590843289e-01 1.536672041253480669e-01 -2.047618268457297996e-01 -1.733169702907677023e-01
-2.855130160327649103e-01 1.311129638143553877e-01 -1.391584150742525561e-01 -1.841684751157562916e-01
-2.461462276077810984e-01 1.106221975783663047e-01 -5.081175208222540873e-02 -1.989835503694843133e-01
-1.532857558556946498e-01 1.000063331836801017e-01 4.323771207274609840e-02 -2.206740442590584272e-01
-1.904939325837949615e-02 7.381122242598181504e-02 1.293632369245211744e-01 -2.188140535320370894e-01
9.546839124991024494e-02 6.136175724200514797e-02 2.157221911961594019e-01 -2.159681393673987537e-01
1.839165643398319450e-01 5.273146086175429376e-02 2.993301252271929891e-01 -2.235396740546802541e-01
2.569722410913821697e-01 2.636231725693574321e-02 3.608129089909557496e-01 -2.074941933837533559e-01
2.836903151555548730e-01 1.495295045900023323e-02 3.977322841057558955e-01 -1.833490039702624919e-01
2.563202100068962541e-01 -2.753455922977433769e-03 4.226593662940269502e-01 -1.707275627815551811e-01
2.064314387831624187e-01 -2.782754246448572097e-02 4.364571279631845324e-01 -1.438049727442264614e-01
1.561694973064791381e-01 -4.717530913984915170e-02 4.388824719376011596e-01 -1.092787114420787214e-01
1.092838561983873191e-01 -7.227795422417485072e-02 4.361791737703858973e-01 -8.529004458893146845e-02
4.315511605826233971e-02 -1.004160290595666194e-01 4.268805951853379965e-01 -5.738374991757173860e-02
1.070264219674631374e-03 -1.282525742037023408e-01 4.067654659492507263e-01 -2.759062261218292803e-02
-3.155223717710974735e-02 -1.515841558923912424e-01 3.794909113346243146e-01 -3.607345226797978050e-03
-6.481154165859460969e-02 -1.753820723358434364e-01 3.458107372831213944e-01 2.003522427492598901e-02
-1.137457917549557218e-01 -1.954966360121399571e-01 2.998006537749665634e-01 3.812299895956644535e-02
-1.409681108844677289e-01 -2.048813084633864245e-01 2.466675015627676215e-01 5.651049823331392302e-02
-1.498779219229868509e-01 -2.090040827103548382e-01 1.997384333605802254e-01 7.774847611275007009e-02
-1.536134540862019726e-01 -2.043039685753558488e-01 1.571129652842466751e-01 8.653300149204613823e-02
-1.412117562556249595e-01 -1.882485691561673613e-01 1.097895026925069517e-01 9.637103043350382647e-02
-9.758430458669097030e-02 -1.658258166943407941e-01 6.566808905687514242e-02 1.129040600508111197e-01
-3.742735426057562653e-02 -1.359286762868638365e-01 3.228886325144675329e-02 1.124843228798462907e-01
1.330581830193421772e-02 -9.774439027673843816e-02 -1.298171812905061931e-03 1.082649337859729194e-01
5.460354479944613815e-02 -5.581883856571536601e-02 -4.374787172934297558e-02 1.128326786320168335e-01
1.026577264680137574e-01 -1.115549828053209909e-02 -8.797272491472730993e-02 1.024768137512077210e-01
1.302831424062562693e-01 3.049578388398893267e-02 -1.288969932615069980e-01 8.409131972556294077e-02
1.367012001705642243e-01 7.237064734031106727e-02 -1.700886916133909910e-01 7.346999185314535830e-02
1.367659126746710585e-01 1.091513452370037746e-01 -2.082725910568525296e-01 5.493498338312505919e-02
1.431613657024005393e-01 1.324949167733158462e-01 -2.337467825366436602e-01 3.081115559961135342e-02
1.386234553649387802e-01 1.546271358899263537e-01 -2.454621116812849835e-01 1.281000911852367766e-02
1.122502601712669912e-01 1.630851770082529517e-01 -2.459127335413565096e-01 -6.528085248149738049e-03
8.640322109806379547e-02 1.601165209156696356e-01 -2.340569947737229373e-01 -2.571335211933263240e-02
4.845382578096977394e-02 1.564394191328607464e-01 -2.146195188435094936e-01 -4.250161008337204754e-02
-5.323480879300378395e-03 1.396746219302251735e-01 -1.925913147731196928e-01 -5.943739914425438114e-02
-7.813611008045286133e-02 1.179757114255743922e-01 -1.611294682942439327e-01 -6.970240512321501658e-02
-1.318192818176688319e-01 9.495103990636785674e-02 -1.182746256271213908e-01 -8.108243569207961021e-02
-1.675070902367092884e-01 7.130600072487618124e-02 -7.304467937528615062e-02 -9.719061513627845483e-02
-1.874723112335720532e-01 4.573242063614157971e-02 -2.682581568847200448e-02 -1.026211579827697590e-01
-1.781551323514304341e-01 2.371655821828413599e-02 2.984607376143880858e-02 -1.075853626016456122e-01
-1.293986792585225254e-01 1.043409300272018191e-02 9.285516594848991501e-02 -1.203982631105354334e-01
-6.397272214038782212e-02 -7.015970861791815706e-03 1.483275307654269015e-01 -1.209507049416286839e-01
2.111415195635347498e-03 -1.326172240131622167e-02 1.953906581231693029e-01 -1.166796500765610312e-01
5.691608838373308360e-02 -1.419650297292914670e-02 2.389970075044235420e-01 -1.204781401393306972e-01
1.123583023551353866e-01 -2.177353997074350442e-02 2.712016150919236979e-01 -1.140690952904475503e-01
1.369398764136948998e-01 -1.934937548659084600e-02 2.869622728832825209e-01 -9.950225814685646764e-02
1.359452196667935986e-01 -1.901778372354505711e-02 2.926019437752276908e-01 -9.084664919402193894e-02
1.246179653509899288e-01 -2.282625694019821405e-02 2.920575204606841169e-01 -7.740498346691596088e-02
1.105088178035033425e-01 -2.451983472300986455e-02 2.857834182011270707e-01 -5.866502098741274013e-02
8.859577492327976034e-02 -3.070605011104414472e-02 2.771623115194309928e-01 -4.341426916827764021e-02
5.582810137694733249e-02 -4.091291434681636197e-02 2.656835316787515278e-01 -2.743328903285164808e-02
3.326855356747333847e-02 -5.355481146559621514e-02 2.470042139881716281e-01 -1.213853959979974834e-02
1.073960034763469726e-02 -6.600898380989228542e-02 2.228352216127148511e-01 1.616441515651075586e-03
-1.975527503656645048e-02 -8.170259393639425771e-02 1.977659844689160507e-01 1.616083100691220742e-02
-5.532321289512444340e-02 -9.662778352850119601e-02 1.681203806832381742e-01 2.489676595022920561e-02
-7.815711144771339547e-02 -1.055041505104925836e-01 1.314461827166474306e-01 3.333883133378967578e-02
-9.256438197633994058e-02 -1.129070732901003155e-01 9.650448007857925781e-02 4.636339048405430097e-02
-1.048042537194397161e-01 -1.143082493332315958e-01 6.792044270448141519e-02 5.107154568421723440e-02
-1.032060170859229326e-01 -1.079841178632919563e-01 3.855292162374874404e-02 5.354872220981458930e-02
-8.060747500396829579e-02 -9.725267932474582211e-02 7.949269788385993768e-03 6.303861143044614535e-02
-5.370626019723628852e-02 -7.918486385261934435e-02 -1.746641649512875594e-02 6.421074100916016048e-02
-2.821760324134097581e-02 -5.478542236265091653e-02 -3.920078151368823483e-02 5.969185974141048151e-02
-4.461096513823903896e-03 -2.711863598161247391e-02 -6.492782735496827051e-02 6.158723374732984895e-02
2.739121810414265126e-02 3.669126934467333793e-03 -9.379022544496613822e-02 5.746832950391107114e-02
4.556987565995812561e-02 3.384352530265833520e-02 -1.196649468470925154e-01 4.631428076528584792e-02
5.833728393241221361e-02 6.352003517951747280e-02 -1.416699756943157196e-01 3.883858810729540201e-02
7.217016146254286169e-02 8.906618551870362777e-02 -1.599345428640751021e-01 2.889951031754506294e-02
9.033016976900398731e-02 1.063075684550155303e-01 -1.693721036301766847e-01 1.552318181744727528e-02
9.712344790726970545e-02 1.199286573942960343e-01 -1.690976604410664441e-01 3.898222218213117513e-03
9.230812066379544267e-02 1.242100182057167129e-01 -1.617618146378524691e-01 -8.288406331066595911e-03
8.363502001806735753e-02 1.202021256757061646e-01 -1.458967583741309082e-01 -1.865058631936362954e-02
6.213373556389369112e-02 1.122057569001051747e-01 -1.232282688539201865e-01 -2.810958264232885778e-02
2.104375096194312234e-02 9.558744289025095098e-02 -9.989526434268461430e-02 -3.928277025261402849e-02
-2.804624599418192171e-02 7.512142371690438969e-02 -7.428110628610819222e-02 -4.487813162199180694e-02
-7.081759069394080730e-02 5.321712441497293555e-02 -4.098113070120075474e-02 -4.954619387384315982e-02
-1.032507028230637419e-01 3.142803821320848401e-02 -4.408730157017452453e-03 -5.962736223011574910e-02
-1.272859226363516061e-01 9.399414525901440484e-03 2.876774680035312781e-02 -6.334527800178148260e-02
-1.280326086827326404e-01 -9.243355350382254434e-03 6.317461382126041136e-02 -6.366910337069814352e-02
-1.020804366372422556e-01 -2.087657839363446857e-02 1.026486843075181121e-01 -7.085503174575344398e-02
-6.821877973129196471e-02 -3.240231983616199268e-02 1.383166622255893874e-01 -7.273155173697290476e-02
-2.959738616619440876e-02 -3.568777500322371093e-02 1.643810534486592201e-01 -6.865131590781771431e-02
5.924421564436324096e-03 -3.382200757711551625e-02 1.849219441409094000e-01 -6.972183242438628747e-02
4.294020110287161823e-02 -3.392643276883845760e-02 1.991713902964345473e-01 -6.709303569299618353e-02
5.995228570159349263e-02 -2.689872880123583138e-02 2.036129765594316965e-01 -5.798051152362369148e-02
6.575668019456870628e-02 -2.033369948469632149e-02 2.011732317970136574e-01 -5.117401469641375683e-02
6.796093548774610749e-02 -1.660224018778514929e-02 1.950793924985776140e-01 -4.289296250367633651e-02
6.830245133295555215e-02 -1.209402320158909500e-02 1.856979617305034025e-01 -3.181621109611611903e-02
6.060611003234316063e-02 -1.113623646325893023e-02 1.752126947224252884e-01 -2.156154665608908672e-02
4.903587253853070732e-02 -1.366931944487330929e-02 1.647503832006859403e-01 -1.073632613762940877e-02
4.058733169808813324e-02 -1.904943877102101626e-02 1.502867585421353014e-01 -2.115372610375467963e-03
2.858543636025012713e-02 -2.570388936154521103e-02 1.306805001523121401e-01 5.141738100977555175e-03
5.390178143343766354e-03 -3.592911302137299923e-02 1.108097665231486673e-01 1.437048400974774709e-02
-1.859393810200399288e-02 -4.660605945202484640e-02 9.143113062865639018e-02 1.897457448030254873e-02
-3.887693660374695603e-02 -5.366043442575239159e-02 6.736742499474007717e-02 2.149740018534372632e-02
-5.584460674659323665e-02 -6.093142813780402789e-02 4.143187013975031807e-02 2.922104922041632996e-02
-7.217563431199013058e-02 -6.390775361728713577e-02 2.015028686267718652e-02 3.293268404815419270e-02
-7.594539245519847659e-02 -6.123692940938138540e-02 1.602013775658222986e-03 3.295048296384039260e-02
-6.688510893867730123e-02 -5.571087054967297642e-02 -1.862154137784502797e-02 3.931479350550197427e-02
-5.575027028179791594e-02 -4.411149428917566367e-02 -3.779006597769156428e-02 4.296842954195174286e-02
-4.317072429381844934e-02 -2.803750469235269036e-02 -5.335422426030409643e-02 4.070288570272881379e-02
-2.775340065994953004e-02 -9.574805424383051738e-03 -6.882752502023910257e-02 4.152811678124327527e-02
-7.962165277755957338e-03 1.155809489885186066e-02 -8.660543799323761061e-02 3.901600939467073093e-02
3.880412991977792193e-03 3.282726812980645698e-02 -1.024798008693313528e-01 2.923405471944061015e-02
1.557671613265450977e-02 5.306873926236192057e-02 -1.138789341689302598e-01 1.753772699462620432e-02
3.170751677209241587e-02 6.973726425068402235e-02 -1.137320794474334651e-01 1.819759712065590089e-03
4.892056688436105527e-02 8.080192996654791959e-02 -6.249709411218757824e-03 -1.727989106764737590e-02
5.936772159147606087e-02 8.755562305697692227e-02 5.843470286090876598e-03 -3.522397127641083842e-02
6.452046133916268522e-02 8.732200801399647716e-02 -9.457477191082927503e-02 -4.544175916095882090e-02
6.519340857309896542e-02 8.101850596718893072e-02 -7.828613738533371502e-02 -3.191968009033770148e-02
5.488720739744454985e-02 7.051832487026632457e-02 -5.337619362279343027e-02 2.771224902345645336e-02
2.696442133923841050e-02 5.507743035733184828e-02 -2.731912488358687052e-02 -4.809871402694337189e-02
-4.127514864645883200e-03 3.877841933174981659e-02 -4.641161472522001112e-03 3.129278268651981421e+01
-3.681964206206472801e-02 2.412200644702706259e-02 1.790155707814635247e-02 -5.757086230774922875e+00
-6.516214210288548414e-02 1.760468218856297770e-02 3.705208261635302425e-02 4.661435656410171759e+02
-8.962392227788268384e-02 2.408653877283649380e-02 4.099771621231071417e-02 -2.716764665779434651e+00
-9.595301372845596588e-02 5.618342202552388531e-02 1.874098235149975616e-02 7.028823279320519646e-01
-8.714849915214004095e-02 1.287470078219420666e-01 -3.888973197029053225e-02 7.618225484758364696e-02
-7.184426770275689766e-02 4.067425135535842479e-02 5.648479598677761532e-02 4.492450835565575673e-02
-5.187066403005453907e-02 -1.811779703617376569e+01 2.255817712407586839e+01 6.409239993265040264e-03
