4.822202043261143700e+01 -1.687241587123538267e+01 -6.942543434033987637e+01 -3.125909655340294524e+00
-3.986664986715076964e+01 -3.187750245699972229e+00 -5.732917727195930979e+01 1.277314102666783668e+01
-3.279357000150806556e+01 1.215869932138814846e+01 -4.510363122329550123e+01 2.850195960731073086e+01
-2.689028101605644849e+01 2.915608420853534355e+01 -2.746923225879647035e+01 4.417478898943920029e+01
-2.208600238026167872e+01 4.731988698115350189e+01 -2.317227305735555021e+01 5.959434073834189860e+01
-1.832175389233618290e+01 6.568257828654036246e+01 -1.515307494258330401e+01 7.601495359503113036e+01
-1.554451175728284262e+01 8.225225030894937106e+01 -8.271393383904449337e+00 8.912105532120455109e+01
-1.370040854139742947e+01 9.367565657648908939e+01 -2.435697737690130538e+00 1.019193618346985204e+02
-1.272965621917794010e+01 1.065655031650309326e+02 2.419407429864703030e+00 1.124875132996162677e+02
-1.255901734715010143e+01 1.133254068099252692e+02 6.357623582998040312e+00 1.199618591565250370e+02
-1.309989493908804725e+01 1.123771000365341735e+02 9.438180958575939528e+00 1.233658062438456540e+02
-1.424457681402332909e+01 1.025027509738791878e+02 1.171796717269565846e+01 1.216312963794511433e+02
-1.586842783677400703e+01 8.286765010503303586e+01 1.325305668322306829e+01 1.135670340579038253e+02
-1.783468168628957073e+01 5.298173812772603242e+01 1.409996611476856465e+01 9.782718448232566288e+01
-2.000512222077085056e+01 1.264822750136707086e+01 1.431763031660325680e+01 7.286941856778615545e+01
-2.224600149355863365e+01 -3.342824956284736970e+01 1.396814696999562422e+01 3.692208874370552252e+01
-2.444213943270579037e+01 -9.221498746696893534e+01 1.311797446232579567e+01 -1.201129481067127003e+01
-2.650199989569594194e+01 -1.597782386920126214e+02 1.183817551635530663e+01 -7.605462004891533923e+01
-2.836174459631547862e+01 -2.376334319201929759e+02 1.020479268274638862e+01 -1.551317019635366705e+02
-2.998479713973342697e+01 -3.254687238422375799e+02 8.297748972003512691e+00 -2.578554498343128785e+02
-3.135807644574006403e+01 -4.299428248306575142e+02 6.199095102048062245e+00 -3.736794266911802538e+02
-3.248706880365406846e+01 -5.350055789282264413e+02 3.990861059153463231e+00 -5.042000615877178689e+02
-3.339046369605475206e+01 -6.409090365115330314e+02 1.751427970423309555e+00 -6.376843934689876505e+02
-3.409454353178995945e+01 -7.335963820038257381e+02 -4.476037332663153623e-01 -7.523618215880164826e+02
-3.462936336129011750e+01 -7.661287209594560181e+02 -2.544854237021925591e+00 -8.014320188256034498e+02
-9.916334972503378253e+00 2.222149579206874478e+04 1.662314977038778230e-01 -2.258089191140457115e+04
-4.598911623150783612e+00 2.222121045474872517e+04 -6.252888045590764499e+00 1.041092442364102681e+03
-4.571676398620148518e+00 2.222101017341324768e+04 -4.862539031702489467e+00 8.330765458831265278e+02
-4.589145656481617763e+00 2.222087302172351701e+04 -6.832410481793908197e+00 8.475407556621165668e+02
-4.646152841258776256e+00 2.222078185638440846e+04 -8.456954390054226778e+00 8.939256123164257133e+02
-1.484156982746435638e+01 -2.707670456169520534e+01 -1.562695034093080260e+01 -9.619943797488648585e+00
-1.312057767496239613e+01 -2.469792962350114252e+01 -7.661015148354492155e+00 -7.131818685345106879e+00
-1.267717040985766275e+01 -2.262667732531881981e+01 -1.123046229744067981e+00 -5.376293311421839860e+00
-1.335310187237995372e+01 -2.063890617777019898e+01 4.097593577896105899e+00 -4.262587907874960003e+00
1.689771489672125782e+01 -1.837707582920738858e+01 8.103785896743588069e+00 -3.309681213762219798e+00
-1.720380815854642975e+01 -1.572602514426542797e+01 1.099062369069068090e+01 -1.910233525920881581e+00
-1.986614869922419757e+01 -1.068151379727271788e+01 1.284852285951239281e+01 6.748544663531680365e-01
4.142825718990509110e+00 1.306310559181209863e+00 1.376752109660496082e+01 5.272014620505185434e+00
-2.538370958867160354e+01 1.819010926660136107e+01 1.384048257074607235e+01 1.266780018272668507e+01
-2.784443645915828824e+01 3.980811207588865841e+01 1.316639691433538673e+01 1.903948118527215883e+01
-2.994876331142085846e+01 6.424480228279200844e+01 1.185383108791664064e+01 3.268225561786744038e+01
-3.165788966449355613e+01 8.800255940632739282e+01 1.002109667584111286e+01 4.857516403416280326e+01
-3.298073083967643981e+01 1.069503774675172423e+02 7.796575648025797278e+00 6.522759018456437730e+01
-3.395920742540981507e+01 1.172305013995209180e+02 5.314582990604879598e+00 8.028307655949372190e+01
-3.465150928476324310e+01 1.159483077533089954e+02 2.710038756951955730e+00 9.114415371477672068e+01
-3.513715310015123094e+01 1.013116465274199669e+02 1.101100252294668902e-01 9.513972789175301159e+01
-3.542626157068900739e+01 7.246842656400953331e+01 -2.374516014483484039e+00 8.961975831961362360e+01
-3.561981037481464085e+01 2.923586467675326972e+01 -4.656232336364966251e+00 7.189059572882180760e+01
-3.574262821250346889e+01 -2.813156646180325282e+01 -3.470815672611489600e+00 3.921862997868316825e+01
-3.582500930067445211e+01 -9.434089044777901734e+01 -6.043643044379478191e+00 -1.189454590833338798e+01
-3.588743797770472099e+01 -1.738729910113347046e+02 -8.109277075588863681e+00 -8.470033962148818318e+01
-3.594212932634295043e+01 -2.706978023404153646e+02 -9.712204648064949097e+00 -1.825610325320160143e+02
-3.599423127303850833e+01 -3.772780623848534560e+02 -1.091605177756809475e+01 -3.058054425605998858e+02
-3.604439150570866701e+01 -4.937109942522054666e+02 -1.179333272274882027e+01 -4.517630139924639252e+02
-3.609060435372595066e+01 -6.144207119708581786e+02 -1.241712055449599283e+01 -6.068254512117706554e+02
-3.612892579893560452e+01 -7.240894690972585295e+02 -1.285494511271474671e+01 -7.397912488487105520e+02
-3.615613377761169289e+01 -7.683195369437767113e+02 -1.316498832514867345e+01 -7.804215075183951740e+02
-3.615072013151199570e+01 -2.220277785039615628e+04 -1.373792477398728096e+01 8.513218668019663937e+02
-3.612093357852345576e+01 -2.242412364607988638e+04 -1.389064549067268572e+01 8.898168696701103499e+02
-1.861823630893116288e+01 -2.578925415796426890e+01 7.797668874669206218e+00 -5.080926832943052140e+00
-2.195278398133694608e+01 -2.902893418117973923e+01 1.096857082652850046e+01 -7.242975384266150840e+00
-2.524585009944289737e+01 -2.934238501964881252e+01 1.281985642238980816e+01 -1.037925953597355111e+01
-2.818357491248084656e+01 -2.958071184009734012e+01 1.348007392077293254e+01 -1.429834176508149923e+01
-3.059143307782968080e+01 -2.965747340521959785e+01 1.308806312061160781e+01 -1.881750344658427920e+01
-3.242130320970314017e+01 -2.960060536215037175e+01 1.179857312326707408e+01 -2.374133949830759249e+01
-3.371627257571142167e+01 -2.937654784673935637e+01 9.787443927872065075e+00 -2.881320635359436722e+01
-3.457011380253807431e+01 -2.870667245308277060e+01 7.249862959795470907e+00 -3.722836226964666650e+01
-3.509417068253403471e+01 -2.690945806945779140e+01 4.393164257440118625e+00 -4.083400812333562868e+01
-3.539434712185225607e+01 -2.279650311099002380e+01 1.423292184703726093e+00 -4.228934600582128667e+01
-3.555935353296157331e+01 -1.471230901583397532e+01 -1.473240877623698264e+00 -4.025524906151298410e+01
-3.565482717271301993e+01 -9.094895913131118004e-01 -4.146086623369233060e+00 -3.321659088632862478e+01
-3.572346254442422264e+01 1.957802866312908918e+01 -3.187490080087385547e+00 -2.013078968890015119e+01
-3.578810219674153359e+01 4.579618579674208689e+01 -6.159217079035654407e+00 -1.166963855899597169e+00
-3.585620968117362395e+01 7.422452632044627308e+01 -8.471553021907123338e+00 2.190468490693097081e+01
-3.592530513399659498e+01 9.938029336153901738e+01 -1.019710388064225981e+01 4.596422228275522315e+01
-3.598796038304257650e+01 1.152198571761329191e+02 -1.143714540522112699e+01 6.720862039384482500e+01
-3.603616629680426087e+01 1.167174419892320145e+02 -1.230130234395310396e+01 8.178669701722448337e+01
-3.606372750332008081e+01 1.006279056869532837e+02 -1.289305650613350807e+01 8.609447523125290047e+01
-3.606862923286555400e+01 6.544603891264263495e+01 -1.330037083996679392e+01 7.669503815122048707e+01
-3.605217809123291062e+01 1.094611851705393590e+01 -1.359160640305216639e+01 5.001534907839000255e+01
-3.601938457705768570e+01 -5.898786240751564947e+01 -1.381492615583566241e+01 2.101705492818565890e+00
-3.597718240691416725e+01 -1.465657117262856275e+02 -1.400011456396381426e+01 -7.176297386006397971e+01
-3.593266984533278929e+01 -2.490393766327819662e+02 -1.416201841827179386e+01 -1.778027753682418677e+02
-3.589333246801090382e+01 -3.739820515793167601e+02 -1.430423680939899000e+01 -3.127886239581852124e+02
-3.586453740616482122e+01 -5.084075868443981676e+02 -1.442315429231405055e+01 -4.773792803635854511e+02
-3.584998224208325723e+01 -6.463841035353741518e+02 -1.451171572585562330e+01 -6.487212595361362446e+02
-3.585140290536333652e+01 -7.576395080850826389e+02 -1.456270927462015408e+01 -7.722448070895547971e+02
-3.586798584844036952e+01 -5.723311257352356307e+01 -1.457041342565077358e+01 -2.277950076146396896e+04
-3.589821876794007238e+01 -4.124633266940213616e+01 -1.453332135676415149e+01 1.103253601794915539e+03
-3.593822739338220629e+01 -1.437208711778755266e+01 -1.445415581763893975e+01 8.612462855971900808e+02
-3.219157197782571700e+01 -2.945203779359267315e+01 1.368669017859185111e+01 -1.758355076556446761e+01
-3.373685252445034877e+01 -2.965396735290450181e+01 1.255306249197685275e+01 -2.283568612251738372e+01
-3.466398931363843872e+01 -3.022528614815220394e+01 1.037559303478118622e+01 -2.820312114940055537e+01
-3.515849455681201619e+01 -3.106607599900421590e+01 7.437578694079504338e+00 -3.328232265097737042e+01
-3.539039695725599444e+01 -3.185609324324848046e+01 4.051085831881257704e+00 -4.075171624128795855e+01
-3.549175788898006800e+01 -3.228502591116839682e+01 5.304866889697722465e-01 -4.360679032889471785e+01
-3.554912170976933083e+01 -3.216991710254647074e+01 -2.842961026296070504e+00 -4.548070005320923315e+01
-3.560816163812535962e+01 -3.157869382312972206e+01 -5.854204534299754847e+00 -4.669776805154428700e+01
-3.568196521760962980e+01 -3.075307029477367848e+01 -5.566998907166703425e+00 -4.763885088444866511e+01
-3.576361167519218043e+01 -2.998310739754135668e+01 -8.515541201729627474e+00 -4.853475570669139927e+01
-3.583796535306345277e+01 -2.923855364292487025e+01 -1.063801038204983485e+01 -4.933160289863745618e+01
-3.589066820995283535e+01 -2.794458067566440818e+01 -1.207295325058298374e+01 -4.956342875548390481e+01
-3.591371773493855102e+01 -2.469187937344908690e+01 -1.298028050181824256e+01 -4.822684070440710968e+01
-3.590832273310325462e+01 -1.716764019818164755e+01 -1.351278583409691159e+01 -4.372399469331806188e+01
-3.588203653962752071e+01 -2.685888570586079549e+00 -1.379920753446050519e+01 -3.409803706451454275e+01
-3.584643480059855136e+01 2.034920515024504439e+01 -1.393750727530531641e+01 -1.782539491994650049e+01
-3.581311912847791490e+01 5.051597358325316378e+01 -1.399516859401217772e+01 4.980957966417237870e+00
-3.579123471130446887e+01 8.239222562412858508e+01 -1.401324546659966686e+01 3.176126705556778518e+01
-3.578585603648542701e+01 1.077272474929682886e+02 -1.401253204062342306e+01 5.791337134070572290e+01
-3.579716180403225678e+01 1.180371458345845639e+02 -1.400025961846841760e+01 7.802475360434851837e+01
-3.582127466079329992e+01 1.071046377293105678e+02 -1.397615076165208770e+01 8.683701543647026710e+01
-3.585194396603477429e+01 7.179454299072274637e+01 -1.393765098862432517e+01 7.941065034780227450e+01
-3.588218619563632217e+01 1.147698213321311123e+01 -1.388349971124360493e+01 5.075816725543029406e+01
-3.590568037539096480e+01 -6.940294873201222003e+01 -1.381634798448196833e+01 -5.053779076348299704e+00
-3.591746091596726842e+01 -1.708721230289418429e+02 -1.374278007808776536e+01 -9.459637949923002509e+01
-3.591602740032598717e+01 -2.984987184858259752e+02 -1.367325404126320976e+01 -2.265054045874219355e+02
-3.590198186554331983e+01 -4.431147980505565442e+02 -1.361998334925014476e+01 -3.943053540685322673e+02
-3.587800608386069001e+01 -5.992060128053785775e+02 -1.359500844645253537e+01 -5.893744927160817042e+02
-3.584749843805133196e+01 -7.388085845070634150e+02 -1.360767532029084670e+01 -7.532442023657370100e+02
-3.581497493057965897e+01 -7.161774543944699190e+02 -1.366281131376963565e+01 -6.940915289037616276e+02
-3.578436257068381110e+01 2.320815380060143070e+04 -1.375957437768464686e+01 4.829757016040579742e+02
-3.538845752733710270e+01 -3.303524325136826434e+01 8.398181330879218365e+00 -3.128702925547599634e+01
-3.543339553940482745e+01 -3.274340159590405364e+01 4.489822144980499807e+00 -3.880769875919969536e+01
-3.545444290606283033e+01 -3.190578114826728395e+01 3.949118325940875196e-01 -4.248217521129998175e+01
-3.549913040955608068e+01 -3.093882069087239373e+01 -3.489719881739812291e+00 -4.552739558876974257e+01
-3.556934360399389305e+01 -3.029935813284006585e+01 -6.867055810995658760e+00 -4.792648352771787756e+01
-3.564476306724378674e+01 -3.030339017490274856e+01 -7.358703255788173969e+00 -4.961788695690889739e+01
-3.570257827343872492e+01 -3.095476510911933232e+01 -1.020344594575461095e+01 -5.051053351782942968e+01
-3.573121763048975197e+01 -3.187912272033102212e+01 -1.207705924829535604e+01 -5.054940291882585512e+01
-3.573251326674670736e+01 -3.250915152292930799e+01 -1.320155487061365740e+01 -4.982642000988408171e+01
-3.571860926763857691e+01 -3.246061813668912777e+01 -1.380275562917374899e+01 -4.874683406122630913e+01
-3.570585140752449860e+01 -3.177679973367515132e+01 -1.407448637285680704e+01 -4.770230068636089271e+01
-3.570642451379803362e+01 -3.083105299587191439e+01 -1.416372735649634507e+01 -4.674788655442284835e+01
-3.572544727439290568e+01 -3.007055298000405941e+01 -1.416940924568889315e+01 -4.705046643909783199e+01
-3.575928744625799993e+01 -2.944640146660871594e+01 -1.414921185847644480e+01 -4.764971970057762007e+01
-3.579845645301051604e+01 -2.794053676666648300e+01 -1.412977708583762038e+01 -4.797861030744162747e+01
-3.583086955974982146e+01 -2.311702790463919044e+01 -1.411733865586571923e+01 -4.629364821211696324e+01
-3.584561817434209985e+01 -1.136541866644597043e+01 -1.410765285552722581e+01 -3.990951864056615506e+01
-3.583655053887232356e+01 1.047075516082343327e+01 -1.409365426762417073e+01 -2.579040704510056869e+01
-3.580312465643629594e+01 4.225180714275587235e+01 -1.407072339897184143e+01 -2.474055919211858967e+00
-3.575075911444570664e+01 7.820615757049969829e+01 -1.403869762730231940e+01 2.755507378853711842e+01
-3.568844197311410937e+01 1.075167008970411899e+02 -1.400217806233216500e+01 5.778628261381020792e+01
-3.562652969055690733e+01 1.181676708377812446e+02 -1.396842356994224410e+01 8.023468330694264239e+01
-3.557463916315010266e+01 1.015120903331129085e+02 -1.394505663365476522e+01 8.751239226483629352e+01
-3.553921350529467560e+01 5.387877328573244284e+01 -1.393736067428480752e+01 7.298352964028815393e+01
-3.552284579656743091e+01 -2.465184717997762220e+01 -1.394661000405421980e+01 2.943343430763970048e+01
-3.552426998536573421e+01 -1.255126945761024757e+02 -1.396973421831718731e+01 -5.149268194899277518e+01
-3.553872925335616628e+01 -2.575171971847005352e+02 -1.399973172777460739e+01 -1.808753543219797848e+02
-3.555979460378861035e+01 -4.133396217963712047e+02 -1.402736124343975455e+01 -3.580904866620521716e+02
-3.558012145532395465e+01 -5.860032364978138730e+02 -1.404310544714004116e+01 -5.741927545240885138e+02
-3.559363617738988950e+01 -7.418139332817942204e+02 -1.403947101341711523e+01 -7.577572392690824472e+02
-3.559628114138634203e+01 -6.430307807692742017e+02 -1.401268592805333313e+01 2.747078664762228755e+02
-3.545812336102564188e+01 -3.096954614686591967e+01 -6.802283750398735451e-01 -4.539131913823653264e+01
-3.549900777934098528e+01 -3.174796310906669561e+01 -4.529366631183401992e+00 -4.833009335547531293e+01
-3.553062639575029635e+01 -3.278898334482183685e+01 -5.333740856107525907e+00 -4.959742486242405590e+01
-3.554194606697708281e+01 -3.341309237268973931e+01 -8.797095812860607822e+00 -4.942268409868349011e+01
-3.554113634676964040e+01 -3.321882413151279678e+01 -1.110868883101722027e+01 -4.846413714010355989e+01
-3.554619099202769661e+01 -3.231733676235960218e+01 -1.253220225506415098e+01 -4.768184999477842467e+01
-3.557415181237231394e+01 -3.120211409914668366e+01 -1.335107851655190991e+01 -4.727666447533782446e+01
-3.562949853942602374e+01 -3.047373278584685607e+01 -1.380777232568722290e+01 -4.743965235557391225e+01
-3.570181326321191762e+01 -3.052759456730139576e+01 -1.407770437682688147e+01 -4.812233805963971633e+01
-3.577180296661055081e+01 -3.126314332190414191e+01 -1.426788796849528573e+01 -4.911806151528289632e+01
-3.581707730108909260e+01 -3.207284633970912324e+01 -1.442880801306976224e+01 -4.982543505515619842e+01
-3.582265582055449471e+01 -3.228904791663848073e+01 -1.457171207485622588e+01 -4.980967537320306349e+01
-3.578468948863589105e+01 -3.170990888816627518e+01 -1.468644244903767593e+01 -4.901028901204382038e+01
-3.571121907547924934e+01 -3.069260170836601986e+01 -1.475655530475900434e+01 -4.786854389473828775e+01
-3.561924895499603849e+01 -2.989426052468065009e+01 -1.477022129242594772e+01 -4.699471914969465303e+01
-3.552887212146795548e+01 -2.953182477683141016e+01 -1.472466374269098743e+01 -4.682970638061554070e+01
-3.545724518357415889e+01 -2.859054559067688217e+01 -1.462974286266123336e+01 -4.705008162261852789e+01
-3.541510843113975682e+01 -2.409010115637564198e+01 -1.450236018990290709e+01 -4.582244166056193535e+01
-3.540495467945043373e+01 -1.144242291992767946e+01 -1.436353667924401734e+01 -3.972358505994035482e+01
-3.542092840669197074e+01 1.326338405712381885e+01 -1.423322582733252517e+01 -2.446394585635762198e+01
-3.545252275456111590e+01 4.936498388993125275e+01 -1.412660081740846252e+01 2.237112917242103372e+00
-3.548730411327183987e+01 8.821993644070849427e+01 -1.405218021633835157e+01 3.650482152558423365e+01
-3.551416750816184731e+01 1.143545257501876335e+02 -1.401141239700720931e+01 6.836601233717266268e+01
-3.552686076629657919e+01 1.124518694960559628e+02 -1.399996291906587587e+01 8.664160701482458649e+01
-3.552344354340004173e+01 7.405252086926918764e+01 -1.400975205141201840e+01 8.176579609274138249e+01
-3.550705133140770187e+01 -2.240185474906708940e+00 -1.403130509606074661e+01 4.481963086061410451e+01
-3.548412001595382748e+01 -1.092101191666516797e+02 -1.405598111102722214e+01 -3.480724124931468566e+01
-3.546203541193346354e+01 -2.462986580624690305e+02 -1.407727801124399214e+01 -1.708019374269874220e+02
-3.544754796138215625e+01 -4.204060876694116473e+02 -1.409134892135982930e+01 -3.659868781419168613e+02
-3.544555579330356920e+01 -6.101077133338852718e+02 -1.409660411539747749e+01 -6.052818643913393544e+02
-3.545786656130469794e+01 -7.640578324643720407e+02 -1.409280768864092437e+01 -7.781681498343170915e+02
-3.538713369228494088e+01 -3.276649595093305578e+01 -6.128887652962268895e+00 -4.679076112534951193e+01
-3.535858638257401054e+01 -3.170278714781987262e+01 -9.290392337432207270e+00 -4.677190326912675999e+01
-3.538103868760366311e+01 -3.090180343084378833e+01 -1.126614274168501417e+01 -4.713926797870894347e+01
-3.546435000572184748e+01 -3.089381384501372807e+01 -1.240175321198430325e+01 -4.787876490692512732e+01
-3.558817240111785196e+01 -3.167237208041453300e+01 -1.302515164376860035e+01 -4.869628774107942348e+01
-3.571061457032678277e+01 -3.260515480856069814e+01 -1.338685103223860828e+01 -4.925033510175418883e+01
-3.578927923004566480e+01 -3.295173142117636900e+01 -1.364349790274126129e+01 -4.921247279476863667e+01
-3.579885502109539885e+01 -3.247466540990847506e+01 -1.386949866793437103e+01 -4.852485324771832609e+01
-3.573952332748708471e+01 -3.152874747219158280e+01 -1.408079767856859021e+01 -4.754906647594788183e+01
-3.563400801110883975e+01 -3.077317357138134213e+01 -1.426165907949745204e+01 -4.687120122513011466e+01
-3.551580924772724757e+01 -3.074980228161611961e+01 -1.438831929482007510e+01 -4.692739099901887556e+01
-3.541608223908394848e+01 -3.143777013510077722e+01 -1.444586674420454386e+01 -4.776409656894992395e+01
-3.535469149339658657e+01 -3.218745558039167065e+01 -1.443666950352872824e+01 -4.906571327907128932e+01
-3.533575370851752240e+01 -3.229197512500484635e+01 -1.437967145064956753e+01 -4.995575282161605202e+01
-3.535019110298123479e+01 -3.158178318032618392e+01 -1.430526014645455035e+01 -4.976936795093015320e+01
-3.538116003565503576e+01 -3.059092050997443124e+01 -1.424519450792177722e+01 -4.856721627012999676e+01
-3.541162939304495438e+01 -3.004691031111894617e+01 -1.422435445457780823e+01 -4.714813919722914193e+01
-3.543039264758666462e+01 -3.002937260964728949e+01 -1.425470856713001311e+01 -4.638593035988438373e+01
-3.543423364854198354e+01 -2.869497813318162116e+01 -1.433357488370096178e+01 -4.609686037194666852e+01
-3.542793181201857777e+01 -2.166588907239731654e+01 -1.444494739771907632e+01 -4.395161388156315496e+01
-3.542037014065516587e+01 -3.311938210629785662e+00 -1.456473888516295290e+01 -3.511070196858845804e+01
-3.542096292918540712e+01 2.960777846011464831e+01 -1.466620742607768157e+01 -1.404997477228289426e+01
-3.543569905577517432e+01 7.229432358521536628e+01 -1.472660482388461389e+01 2.004824057528485781e+01
-3.546492566769055088e+01 1.082583547445287167e+02 -1.473123743484616277e+01 5.785323493613027068e+01
-3.550517139225228647e+01 1.159657760799725139e+02 -1.467626738765330430e+01 8.392811895651482246e+01
-3.554886280746902827e+01 8.152753091038395894e+01 -1.456863078341707407e+01 8.445806301515875703e+01
-3.558909520231855339e+01 2.027017326950160125e+00 -1.442419560109707888e+01 4.778686479125700970e+01
-3.561904050665754795e+01 -1.138641642614256142e+02 -1.426432546209360552e+01 -3.931072508248806230e+01
-3.563638219592476020e+01 -2.707239861596345349e+02 -1.411199932149937020e+01 -1.936046360045451706e+02
-3.564127770611542445e+01 -4.619250108606611889e+02 -1.398847396335294135e+01 -4.181194773565378568e+02
-3.563662192171698706e+01 -6.682988247461803439e+02 -1.390914010676474710e+01 -6.776340639734065689e+02
-3.529773016568812238e+01 -3.231992015444021860e+01 -1.190830050560728459e+01 -4.887114945470637650e+01
-3.545240744273390732e+01 -3.305719906946828957e+01 -1.290208630957312508e+01 -4.893434285730588584e+01
-3.561512666498762769e+01 -3.299890645963314739e+01 -1.330027108178988371e+01 -4.820680670958831371e+01
-3.571656492948579853e+01 -3.223564847773727848e+01 -1.341606316365654727e+01 -4.704725735678525922e+01
-3.572228914186241155e+01 -3.141485885340112105e+01 -1.344035183123208910e+01 -4.615225939452927406e+01
-3.564432796827684058e+01 -3.122445487546490739e+01 -1.346245169089381299e+01 -4.605386367244095425e+01
-3.552554888757651952e+01 -3.183103121335299335e+01 -1.350285736977540374e+01 -4.685171859781809900e+01
-3.541277368490538180e+01 -3.264254597127342095e+01 -1.354851358290801677e+01 -4.819023504140000824e+01
-3.533707920955836101e+01 -3.289221214271295679e+01 -1.358045505235410744e+01 -4.937968001507986315e+01
-3.530515940430409927e+01 -3.236715422033380207e+01 -1.359165457844076919e+01 -4.964427068059394088e+01
-3.530394793443054624e+01 -3.146986466557089912e+01 -1.359247052058688787e+01 -4.873557117910002745e+01
-3.531369229971831203e+01 -3.087743552464605301e+01 -1.360540139130823079e+01 -4.692218605645413732e+01
-3.531816053073333705e+01 -3.102628827712700854e+01 -1.365524430474045303e+01 -4.625128338752764279e+01
-3.531325362845764460e+01 -3.164700896284377407e+01 -1.375771004659031505e+01 -4.650777301281760145e+01
-3.530619249706665386e+01 -3.200608499014437314e+01 -1.391270203911559911e+01 -4.793494254859592729e+01
-3.530896860451001373e+01 -3.165570862427826881e+01 -1.410300229636719926e+01 -4.963395749354352660e+01
-3.533114793368043394e+01 -3.077760716754203685e+01 -1.429882787844384673e+01 -5.030014363837742053e+01
-3.537419644898787396e+01 -3.012852090828760510e+01 -1.446616542052350951e+01 -4.939986509433807527e+01
-3.543050897736665661e+01 -3.026154506167603486e+01 -1.457618258668768085e+01 -4.773395915773675569e+01
-3.548618699944564270e+01 -3.018718855613042606e+01 -1.461314664202293656e+01 -4.634423597090083291e+01
-3.552736282427926540e+01 -2.612838682333005380e+01 -1.457845615570667697e+01 -4.453648709227263680e+01
-3.554468882846783373e+01 -1.190795413042768836e+01 -1.449023704670298862e+01 -3.835572557089291479e+01
-3.553634064240375068e+01 1.822203600375992494e+01 -1.437808226710190773e+01 -2.108367756781437663e+01
-3.550774696204080527e+01 6.276737294704053483e+01 -1.427527924244806101e+01 1.157055573456923625e+01
-3.546885898457536967e+01 1.044989269909861207e+02 -1.421092719520523850e+01 5.235192915794920765e+01
-3.543005741816052989e+01 1.157818657664841027e+02 -1.420269469282109398e+01 8.260959735466686027e+01
-3.539908004413796760e+01 7.826147389004914601e+01 -1.425304014065648239e+01 8.354333509367901911e+01
-3.537954337181037801e+01 -1.144287240847478770e+01 -1.434928848010828517e+01 3.972107406609308811e+01
-3.536999374723944101e+01 -1.433101479401802578e+02 -1.446707224345542997e+01 -6.586489873628397618e+01
-3.536595634497068374e+01 -3.224258248792544350e+02 -1.457645018556645233e+01 -2.543354103820719558e+02
-3.536153616469545824e+01 -5.391823877048403801e+02 -1.464922685834347682e+01 -5.182901556810187458e+02
-3.552406759382265022e+01 -3.166761918000671017e+01 -1.357219204332324836e+01 -4.554296043628888668e+01
-3.558247942437120059e+01 -3.156189027645745071e+01 -1.385527846224692716e+01 -4.549228891222773541e+01
-3.555192688304948234e+01 -3.227802368989328841e+01 -1.396052296513153479e+01 -4.639940528961974309e+01
-3.547171607477707056e+01 -3.298435009544853358e+01 -1.401208370345143095e+01 -4.774457348063372564e+01
-3.539001066454866162e+01 -3.288721379896031749e+01 -1.404062479232867844e+01 -4.872152058826001308e+01
-3.533331589560805241e+01 -3.207784022317304817e+01 -1.403224236233045019e+01 -4.863811635618387186e+01
-3.529943738603893166e+01 -3.128698973102859782e+01 -1.396800691365641001e+01 -4.748778578386551885e+01
-3.527106436678931090e+01 -3.122622530748272851e+01 -1.384630126043738763e+01 -4.614299451507260841e+01
-3.523519199898422016e+01 -3.189221299180956137e+01 -1.368898088088545606e+01 -4.567813205110935826e+01
-3.519459678159370952e+01 -3.250865454083577788e+01 -1.353306817234132886e+01 -4.651122155362078558e+01
-3.516700237585744304e+01 -3.248135564634627315e+01 -1.341648474524434143e+01 -4.816016063644877221e+01
-3.517222062147317274e+01 -3.192727896645774166e+01 -1.336385925796787966e+01 -4.952611523456265274e+01
-3.521827733392048998e+01 -3.138473319782575643e+01 -1.338228040434369071e+01 -4.956423207259940256e+01
-3.529483910876564323e+01 -3.133390523285782692e+01 -1.345567253558244403e+01 -4.821321320265522559e+01
-3.537689119411010097e+01 -3.168974983034128456e+01 -1.355740402281750256e+01 -4.668405393878693843e+01
-3.543753160147375780e+01 -3.189851951412444464e+01 -1.365773725029133701e+01 -4.638313317709702233e+01
-3.545813433235552026e+01 -3.162742366843404440e+01 -1.373445713935981338e+01 -4.760249009723261082e+01
-3.543636025988354277e+01 -3.098164754371362406e+01 -1.377914283814971164e+01 -4.936895052554251606e+01
-3.538350384785306346e+01 -3.048534220690851271e+01 -1.379818528125053589e+01 -5.015411703369989027e+01
-3.531821146099099451e+01 -3.060699890140306323e+01 -1.380816536639555636e+01 -4.921355337685701414e+01
-3.525805545551330056e+01 -3.068357457456934512e+01 -1.382835879060180595e+01 -4.731034673728798623e+01
-3.521319545055118994e+01 -2.755201512530537755e+01 -1.387281442619580929e+01 -4.487914668039923782e+01
-3.518589882668388213e+01 -1.502496453456789638e+01 -1.394525314660627480e+01 -3.889537585204065095e+01
-3.517025858224815948e+01 1.440584864313513336e+01 -1.403766408310221969e+01 -2.251015781015043515e+01
-3.515799419143765903e+01 6.143629299190273940e+01 -1.413369674286495403e+01 1.030218195614290444e+01
-3.514198160223266143e+01 1.059326898927434542e+02 -1.421420837898015321e+01 5.287730966303102065e+01
-3.511889356595015954e+01 1.135936896192914105e+02 -1.426410537380980337e+01 8.335563607885184467e+01
-3.509027219922047891e+01 6.408031666090062117e+01 -1.427752805780765577e+01 7.799178133261051471e+01
-3.506111877105108476e+01 -4.486389222725082249e+01 -1.425987577157282793e+01 1.668982530192052138e+01
-3.503677997449959491e+01 -1.984607368901438633e+02 -1.422618690390890173e+01 -1.230862194831346557e+02
-3.502209266843472335e+01 -4.117053990212635881e+02 -1.419612096754920039e+01 -3.597801968070409657e+02
-3.536943295443682445e+01 -3.326205058586167951e+01 -1.353138070450186525e+01 -4.777434453166595318e+01
-3.535967188240383763e+01 -3.248778689933699582e+01 -1.382842019847106307e+01 -4.768607676567712872e+01
-3.534966535944059274e+01 -3.159641447059835073e+01 -1.408445815012523994e+01 -4.667478376655402172e+01
-3.532470409742469997e+01 -3.153711530545983166e+01 -1.427319869397076779e+01 -4.552557716022351286e+01
-3.526619828470043672e+01 -3.233059004624526978e+01 -1.435619318507380093e+01 -4.521975013178985847e+01
-3.517510021311486668e+01 -3.293432621845295927e+01 -1.432129594692393937e+01 -4.609291335419479907e+01
-3.508117344653004466e+01 -3.267104908491104709e+01 -1.419425425635474802e+01 -4.760398501653916981e+01
-3.502792825424140233e+01 -3.193780268822489887e+01 -1.402764859733065528e+01 -4.867251050007023139e+01
-3.504517543474715069e+01 -3.154302648659261266e+01 -1.387839304072431013e+01 -4.840167866445639078e+01
-3.512904205376766242e+01 -3.184219266220785372e+01 -1.378641154061016039e+01 -4.697542361602853589e+01
-3.524159476628724974e+01 -3.227105345446727824e+01 -1.376268690536856809e+01 -4.574319981868731588e+01
-3.533322871059330339e+01 -3.219627901969428052e+01 -1.378957086823382916e+01 -4.595964531381443408e+01
-3.536872404404907400e+01 -3.176660884655331429e+01 -1.383104311116066398e+01 -4.761133430213070739e+01
-3.534257457709537675e+01 -3.149505722209985947e+01 -1.384838993673468188e+01 -4.945536818937697632e+01
-3.527474206368438558e+01 -3.163456542806166993e+01 -1.381469780719851670e+01 -4.995122720991096088e+01
-3.519456449216913541e+01 -3.182518886022860727e+01 -1.372364735816170267e+01 -4.830044561952457371e+01
-3.512610212114514496e+01 -3.160225258498204681e+01 -1.359021896474813751e+01 -4.670173691074469247e+01
-3.507887675162232455e+01 -3.110912964140460346e+01 -1.344413580081808135e+01 -4.612544995679499493e+01
-3.504988873185388343e+01 -3.078978942888832648e+01 -1.331935565665248866e+01 -4.731164420068891019e+01
-3.502945751674086949e+01 -3.085202631425145015e+01 -1.324345647636096501e+01 -4.905828271632657334e+01
-3.501042736428817648e+01 -3.121549193120898735e+01 -1.323016034489055670e+01 -4.982069670340676737e+01
-3.499160019686241441e+01 -3.110045982566160916e+01 -1.327680586229067750e+01 -4.887499032351882988e+01
-3.497780191385001558e+01 -2.788372759003662082e+01 -1.336685600541327368e+01 -4.611675786757400175e+01
-3.497609139681536305e+01 -1.519975775505912985e+01 -1.347609168230155774e+01 -3.882943045155111150e+01
-3.499040786984017615e+01 1.640570793408076966e+01 -1.357986239025894548e+01 -1.976694277440969927e+01
-3.502034727880491261e+01 6.789846902507068194e+01 -1.365969609926129635e+01 1.651460473686764985e+01
-3.505964111487722334e+01 1.115325682528280851e+02 -1.370648437039315226e+01 6.039944873739761988e+01
-3.510011059969065172e+01 1.069344737596053250e+02 -1.372059358028581144e+01 8.552631572592599696e+01
-3.513450923644241897e+01 3.536227802276282262e+01 -1.370970425970654105e+01 6.408502913609623874e+01
-3.515884154051340715e+01 -9.831745345752963772e+01 -1.368556151566285273e+01 -2.975383536446355137e+01
-3.517372011101994644e+01 -2.943506702791723910e+02 -1.366056849348339952e+01 -2.268179593146641650e+02
-3.533066999582749901e+01 -3.217680689749418832e+01 -1.316369205853582081e+01 -4.444436929806470715e+01
-3.532029359290608994e+01 -3.308454295924404676e+01 -1.329031425327234750e+01 -4.511453347109338097e+01
-3.521303570317343912e+01 -3.313714962608778336e+01 -1.342546406426407835e+01 -4.659447269441422890e+01
-3.505833290662126700e+01 -3.232831565673587448e+01 -1.353166485594119273e+01 -4.784397560676526240e+01
-3.493773733209400945e+01 -3.170424694248363195e+01 -1.360050437644205346e+01 -4.784622629036977060e+01
-3.491383987428596924e+01 -3.198701364134844738e+01 -1.365540729316994728e+01 -4.618405639784503336e+01
-3.499290582410794315e+01 -3.258224924016811030e+01 -1.373335692947536302e+01 -4.512277412447756575e+01
-3.512342922973444814e+01 -3.248358527421427056e+01 -1.385866911406077051e+01 -4.502554003769000701e+01
-3.523145540190993330e+01 -3.186582546407192496e+01 -1.402725156731217737e+01 -4.645051449122396292e+01
-3.526828582076399243e+01 -3.159479698581465001e+01 -1.420585225434158083e+01 -4.830259413718555095e+01
-3.523272174831451764e+01 -3.202679399938327265e+01 -1.434568353342594271e+01 -4.904944014248921746e+01
-3.515721963365066927e+01 -3.240506751168040012e+01 -1.440281383381159941e+01 -4.802952834581538610e+01
-3.507786009206388655e+01 -3.203901053174863023e+01 -1.435629700723548474e+01 -4.634518117036127194e+01
-3.501391511939146284e+01 -3.147165520644959003e+01 -1.421681580894706087e+01 -4.585821191204872349e+01
-3.496670388453480172e+01 -3.152256336040481699e+01 -1.402283135108711498e+01 -4.710799090074329598e+01
-3.492978780355321078e+01 -3.214312838496150704e+01 -1.382656910191783162e+01 -4.886778125617785662e+01
-3.490072312195242432e+01 -3.228070514310587669e+01 -1.367527012694111299e+01 -4.944195312883796589e+01
-3.488508699003833158e+01 -3.146953081927875573e+01 -1.359586611239169507e+01 -4.829890133455502621e+01
-3.489280853946840466e+01 -3.061614770755568671e+01 -1.358771412235227771e+01 -4.675491241305971357e+01
-3.492862626982092422e+01 -3.060419334118237700e+01 -1.362505885156931207e+01 -4.654150969725245091e+01
-3.498711897453887332e+01 -3.118160198022040674e+01 -1.366857535392816914e+01 -4.775340251817402049e+01
-3.505390433222972746e+01 -3.140940403820927429e+01 -1.367994897264818022e+01 -4.915153381500519458e+01
-3.511098812929709112e+01 -3.066084397965170183e+01 -1.363590602842291233e+01 -4.946180946099785558e+01
-3.514623365753895001e+01 -2.689018262697257811e+01 -1.353552573054227182e+01 -4.698292393052709315e+01
-3.515636539678745720e+01 -1.248510073597377712e+01 -1.339983774549222773e+01 -3.742602571778986942e+01
-3.514699251278333492e+01 2.485901472958184044e+01 -1.326373103973683065e+01 -1.262018302056216434e+01
-3.512841512352809303e+01 8.164511098932327116e+01 -1.316363458372979522e+01 2.972270458016269146e+01
-3.510995047274984415e+01 1.169589330452252938e+02 -1.312510862845415360e+01 7.247723460407082996e+01
-3.509695617674784529e+01 8.840699977404098320e+01 -1.315427609141613097e+01 8.379598443743408609e+01
-3.508917658828127628e+01 -1.782560765495603050e+01 -1.323603813448331046e+01 3.200919941752827924e+01
-3.508324176139540640e+01 -1.886655015337139787e+02 -1.333929137799682962e+01 -1.162360937742632245e+02
-3.518101990978915694e+01 -3.226554649601199287e+01 -1.369823769719360840e+01 -4.730191673503090044e+01
-3.498906632896635926e+01 -3.189318596217326629e+01 -1.362356567387318940e+01 -4.667578997448910627e+01
-3.485069472317871231e+01 -3.256803248868909151e+01 -1.348173463704939756e+01 -4.478996406588331070e+01
-3.483683165663490655e+01 -3.302829199556121154e+01 -1.330184762393965414e+01 -4.429250528738224801e+01
-3.493082260356324298e+01 -3.247718025461706759e+01 -1.314362103397387216e+01 -4.459259648980624036e+01
-3.505676450830981850e+01 -3.181053653640298862e+01 -1.306762817341213712e+01 -4.661402368752959546e+01
-3.513781915690583446e+01 -3.205522892434964177e+01 -1.310620343280318600e+01 -4.788691764189963607e+01
-3.514543657054576187e+01 -3.276348438891514547e+01 -1.324968388574099620e+01 -4.763494426969270990e+01
-3.509877456076181090e+01 -3.260155569680171794e+01 -1.345318765168458519e+01 -4.620495656665875117e+01
-3.503038442708173505e+01 -3.175969805914479238e+01 -1.365697310568539891e+01 -4.529517650741965440e+01
-3.495860418357707999e+01 -3.149964133007815903e+01 -1.381169202581780198e+01 -4.601579718801886543e+01
-3.488802716782095104e+01 -3.221248849445957774e+01 -1.389613389595532311e+01 -4.768447808889698791e+01
-3.482453631782636450e+01 -3.261204477083674647e+01 -1.392099040641446450e+01 -4.866492735322877650e+01
-3.478391697496390123e+01 -3.181941590916345319e+01 -1.391791478393289871e+01 -4.798354987141004102e+01
-3.478505144483405331e+01 -3.098268677898789747e+01 -1.392128515797897137e+01 -4.646634357126497150e+01
-3.483433938427730681e+01 -3.138577934166644212e+01 -1.395170884761218133e+01 -4.598046872446985134e+01
-3.491789422060043790e+01 -3.250222763554024397e+01 -1.400785529836807619e+01 -4.713199067550578292e+01
-3.500422512855833190e+01 -3.244205957093235781e+01 -1.406988050058045836e+01 -4.869196507562661225e+01
-3.506296518180453603e+01 -3.111196446110266933e+01 -1.411061195532764501e+01 -4.916730493537019697e+01
-3.507840788897182449e+01 -3.033194943819574618e+01 -1.410954459227715674e+01 -4.822597608975603833e+01
-3.505476839131584654e+01 -3.105110663644407865e+01 -1.406195442445957511e+01 -4.702358385168141552e+01
-3.500789213141997891e+01 -3.187515604847913409e+01 -1.398067918660006548e+01 -4.682253868486389337e+01
-3.495526704264915452e+01 -3.129375548744489066e+01 -1.388966228694357596e+01 -4.767922013630141720e+01
-3.490753386091009958e+01 -2.973412329182422198e+01 -1.381315432813006794e+01 -4.879833160470341369e+01
-3.486637511173330495e+01 -2.500122774408584192e+01 -1.376529093881959476e+01 -4.693384095393331279e+01
-3.482888696733912326e+01 -5.871962884613431299e+00 -1.374517399844956245e+01 -3.401531574679958680e+01
-3.479170813236508764e+01 4.191343322420339490e+01 -1.373855625386258161e+01 -3.193618225299572622e-01
-3.475503358155505396e+01 1.003500992898030972e+02 -1.372554114412704074e+01 4.883157960887290017e+01
-3.472190576627698277e+01 1.144995673057056109e+02 -1.369100753546610250e+01 8.406831549181194418e+01
-3.469710629062679175e+01 4.642790775690806981e+01 -1.363169299011218882e+01 6.835769130261452631e+01
-3.468209903895875357e+01 -1.041655440866736342e+02 -1.355822307687178885e+01 -3.559590865565913731e+01
-3.483801383919841754e+01 -3.342503333254099118e+01 -1.408291098094366234e+01 -4.388086950939356967e+01
-3.478340283411432665e+01 -3.266807046008771920e+01 -1.402392127067797212e+01 -4.493239040480133184e+01
-3.482978803896199338e+01 -3.196171062957663622e+01 -1.385551261619680474e+01 -4.646356083748675303e+01
-3.491978876236807139e+01 -3.245996619574925290e+01 -1.366107912290556214e+01 -4.709658760626890484e+01
-3.499764855616248127e+01 -3.315123846476138425e+01 -1.351810347024910364e+01 -4.585173137825556466e+01
-3.503279294557760437e+01 -3.259798032511118748e+01 -1.346281830640416644e+01 -4.481130162538915584e+01
-3.501819083200763316e+01 -3.167705908724110486e+01 -1.347957908674647065e+01 -4.459923076970582656e+01
-3.495745501100511632e+01 -3.188511431563814114e+01 -1.351722263096444365e+01 -4.594028701685310523e+01
-3.486011014662256713e+01 -3.281736765441355175e+01 -1.351881866548566613e+01 -4.758390245022722098e+01
-3.475307870409064748e+01 -3.261946135817630932e+01 -1.345200488858149335e+01 -4.795844504869785396e+01
-3.467963939899065196e+01 -3.153651214021348892e+01 -1.332397900948866187e+01 -4.673853289399308153e+01
-3.467738993280360660e+01 -3.138388322043234524e+01 -1.317745382013756483e+01 -4.541934218677464941e+01
-3.475023681382343455e+01 -3.250500422458012650e+01 -1.306984937987951056e+01 -4.524108660957703876e+01
-3.486027084247113805e+01 -3.286130645670886707e+01 -1.304720478725443833e+01 -4.700958343491459601e+01
-3.495076699244038565e+01 -3.162236468542578649e+01 -1.312467319096720075e+01 -4.819739979134219965e+01
-3.498338256538078639e+01 -3.072527244243685374e+01 -1.328191717219151613e+01 -4.808750808613320515e+01
-3.495531831471689088e+01 -3.164787430840560489e+01 -1.347332774624127438e+01 -4.705872306680437589e+01
-3.488973887263751550e+01 -3.285756269715116673e+01 -1.364645551076058538e+01 -4.656316333082088477e+01
-3.481437573146428122e+01 -3.208060149253151394e+01 -1.376258773388765988e+01 -4.722608905350401187e+01
-3.474563041503611061e+01 -3.037723919654957783e+01 -1.380932221726918385e+01 -4.829237982944781749e+01
-3.468772892960111420e+01 -3.029807917060210443e+01 -1.380111850958180320e+01 -4.874053315218706217e+01
-3.463902911404114349e+01 -3.176694234099069902e+01 -1.377012537089579247e+01 -4.800360636938032854e+01
-3.460106810319671666e+01 -3.198060540128735951e+01 -1.375103907851670471e+01 -4.678597236206024235e+01
-3.457917425251886812e+01 -3.051524393503678212e+01 -1.376703782023050060e+01 -4.662402291731221027e+01
-3.457960050518421014e+01 -2.891406099801662677e+01 -1.382283542579470037e+01 -4.779400620951489742e+01
-3.460314887622962488e+01 -2.205884197647817402e+01 -1.390451696269850146e+01 -4.544302528128737606e+01
-3.464399079208529741e+01 7.670336300113044459e+00 -1.398726366536759258e+01 -2.625405572833947687e+01
-3.469074989835422684e+01 6.786504453901201828e+01 -1.404540707004160183e+01 1.966996399547889851e+01
-3.473265272662027314e+01 1.160503885048541832e+02 -1.406179386858854663e+01 7.123764867924526811e+01
-3.476341252565715223e+01 8.986145040479495094e+01 -1.403374145690260200e+01 8.561937044784208695e+01
-3.478268288792461504e+01 -3.578330181410314026e+01 -1.397313166194978962e+01 2.155820239151054452e+01
-3.473477269483597496e+01 -3.255139730731875858e+01 -1.331930492517822451e+01 -4.644677070368404515e+01
-3.474507408451619739e+01 -3.342837980781425955e+01 -1.337849006340329794e+01 -4.522233806586261551e+01
-3.482062105599253954e+01 -3.288973328318338218e+01 -1.345272589283627163e+01 -4.340869169432352237e+01
-3.491856050607309925e+01 -3.189578331952296253e+01 -1.358144836354526852e+01 -4.386614338455156314e+01
-3.496272480091698753e+01 -3.224952796130070709e+01 -1.376379082661867415e+01 -4.540824902213604020e+01
-3.490587954523309833e+01 -3.321614880040684170e+01 -1.395369223052132845e+01 -4.698817701651024237e+01
-3.476899100197777415e+01 -3.272645985920996736e+01 -1.408383186673346721e+01 -4.711761568576114456e+01
-3.462792504611729782e+01 -3.163877460597319313e+01 -1.410107900888828958e+01 -4.580035343429030803e+01
-3.456520241117724623e+01 -3.193563378355916527e+01 -1.399432468276097019e+01 -4.474437668423194481e+01
-3.461404501288777169e+01 -3.303512214322617524e+01 -1.380044955299564258e+01 -4.523649805875735552e+01
-3.473391309058004595e+01 -3.258664099636968103e+01 -1.358527094729259765e+01 -4.667107743051771251e+01
-3.484329094383424774e+01 -3.123255261523322446e+01 -1.341196828952288733e+01 -4.753338332576961278e+01
-3.488079919379921989e+01 -3.133832097432118857e+01 -1.331414254520834461e+01 -4.700935464510890682e+01
-3.484241364891924064e+01 -3.275591659902595154e+01 -1.328532867491005476e+01 -4.590281554023011523e+01
-3.476108874104860291e+01 -3.271443255478250478e+01 -1.328897435779933467e+01 -4.576225798470259321e+01
-3.467155292464794769e+01 -3.115090564596994582e+01 -1.328042166788383938e+01 -4.684934922613433628e+01
-3.459199762951773494e+01 -3.074447218289299855e+01 -1.323059718733730072e+01 -4.810862175358513326e+01
-3.452950748675118575e+01 -3.228082943982475683e+01 -1.314010207559299204e+01 -4.829639331295409477e+01
-3.449166806903514981e+01 -3.292585562623089857e+01 -1.303815339686486752e+01 -4.720606857030674774e+01
-3.448833237125177220e+01 -3.137853333118759380e+01 -1.296641585486083592e+01 -4.628852420729643313e+01
-3.452377433487092873e+01 -3.012344893171097837e+01 -1.295709482490135755e+01 -4.681856057332066712e+01
-3.459042368448811544e+01 -3.107076398615546964e+01 -1.301627684912457816e+01 -4.839443259159913424e+01
-3.466771111460115407e+01 -3.207227330220304395e+01 -1.312120471798657739e+01 -4.902478441339937376e+01
-3.473279550201994681e+01 -3.093214053682232745e+01 -1.323183478790598855e+01 -4.755503528796563728e+01
-3.477176011842017544e+01 -2.960777070811042577e+01 -1.330960786447384692e+01 -4.615447811546471257e+01
-3.478294870785563120e+01 -2.830884834797880245e+01 -1.333532080815917986e+01 -4.634138209808895681e+01
-3.477429211111729757e+01 -1.435999408267056232e+01 -1.331683957972942700e+01 -4.061654150532053364e+01
-3.475534322912132978e+01 3.245739678394242134e+01 -1.328424478676611464e+01 -1.004952823210764556e+01
-3.473274866810772465e+01 9.790054685138753143e+01 -1.327415178635266813e+01 4.737694005668934238e+01
-3.470810319996670756e+01 1.126803675672732510e+02 -1.331069083816097809e+01 8.766089642876767130e+01
-3.468118021561942044e+01 2.288502178265485298e+01 -1.339336825192932778e+01 5.928636205760771105e+01
-3.461335515106921434e+01 -3.238886155878599737e+01 -1.313006326812365998e+01 -4.326701537841416467e+01
-3.475083326906244707e+01 -3.235818994112348435e+01 -1.290694948491796623e+01 -4.469221358350937123e+01
-3.488343883304093396e+01 -3.343003165336283899e+01 -1.281481876046722057e+01 -4.576175791820122640e+01
-3.486651880085035771e+01 -3.308330335483965712e+01 -1.288684546487068694e+01 -4.613665670466942004e+01
-3.470933162706287334e+01 -3.190010572614027495e+01 -1.308501285177865903e+01 -4.449161062509397624e+01
-3.453783204197550560e+01 -3.220059097149785998e+01 -1.332435115588995878e+01 -4.407484667889998775e+01
-3.447099565243360075e+01 -3.327567014855721084e+01 -1.351833894826956239e+01 -4.481630894571690504e+01
-3.453707164851516609e+01 -3.261198527810421410e+01 -1.362046628669749637e+01 -4.630659812937197728e+01
-3.466672295722230501e+01 -3.140635650809412738e+01 -1.363917839259896603e+01 -4.697310349904266502e+01
-3.475892121415803615e+01 -3.202610921578018122e+01 -1.362251329378701037e+01 -4.611062273177627446e+01
-3.476329586231718594e+01 -3.321589974140750456e+01 -1.362398782023979749e+01 -4.485775845899248537e+01
-3.469550575258067227e+01 -3.238983494858383949e+01 -1.367253759031641458e+01 -4.490312929898954764e+01
-3.459556482561578150e+01 -3.106558488117881112e+01 -1.375947018728431637e+01 -4.630415068532954592e+01
-3.449490267446819303e+01 -3.172481153682092270e+01 -1.384669345200844504e+01 -4.767215050610173677e+01
-3.441797126491637471e+01 -3.297538229008025468e+01 -1.388899060202493274e+01 -4.753841518625112172e+01
-3.438808282227545021e+01 -3.217966961142331428e+01 -1.385812338041750458e+01 -4.575378802756382868e+01
-3.442035670120834112e+01 -3.075474970820491194e+01 -1.375612433523015810e+01 -4.546406291241915198e+01
-3.450393762283027854e+01 -3.126159601083411843e+01 -1.361187907179608558e+01 -4.662958068668532974e+01
-3.460245816189232926e+01 -3.260842866823994513e+01 -1.346534211158645000e+01 -4.838162658860667165e+01
-3.467338575797845124e+01 -3.215775454428569446e+01 -1.334949467720861627e+01 -4.842408765051561659e+01
-3.469389090636701667e+01 -3.075158825738910195e+01 -1.327835132811304142e+01 -4.660507600222172897e+01
-3.466737766488712680e+01 -3.084609902892160704e+01 -1.324533892703653848e+01 -4.586859394099893450e+01
-3.461347029851751955e+01 -3.185014159752235940e+01 -1.323018379445242942e+01 -4.762408945364441593e+01
-3.455094440582860926e+01 -3.130448631211943322e+01 -1.321054367891114190e+01 -4.940048228846153222e+01
-3.448906230730013078e+01 -2.991069652096405918e+01 -1.317276494092856431e+01 -4.816818687173635993e+01
-3.443087626769958121e+01 -2.992417829635569149e+01 -1.311622566301981863e+01 -4.584273743088461828e+01
-3.437681698235088845e+01 -2.524540783650535047e+01 -1.305041616678393801e+01 -4.378100696686217219e+01
-3.433062950796358592e+01 4.183412389733379477e+00 -1.298919449760207634e+01 -2.936899070911797693e+01
-3.429782193811711721e+01 6.877583971363658577e+01 -1.294461459701012984e+01 1.752070171328895754e+01
-3.428266622088083437e+01 1.169924080105859474e+02 -1.292337644259681184e+01 7.560825007466164038e+01
-3.428441992731861632e+01 6.703391919928330367e+01 -1.292501037341257764e+01 8.047128377372692398e+01
-3.471149495458558931e+01 -3.366703146752174547e+01 -1.361206812848414849e+01 -4.534770779030770882e+01
-3.480848835077606651e+01 -3.243873638286096650e+01 -1.352721963162461449e+01 -4.397964602801017975e+01
-3.469846341958032099e+01 -3.222610975858680149e+01 -1.350107699468274092e+01 -4.271411450161757273e+01
-3.450710476724597697e+01 -3.344309248176809746e+01 -1.351120048715359978e+01 -4.398699325478196442e+01
-3.439689529649599820e+01 -3.308985610064485883e+01 -1.349547338372751959e+01 -4.567862805189783870e+01
-3.442616283678002986e+01 -3.178572604723358452e+01 -1.340077220561429883e+01 -4.649100328335068610e+01
-3.454246671127492618e+01 -3.231263559163010513e+01 -1.322246811782306786e+01 -4.519790190268311392e+01
-3.464363040769424629e+01 -3.344027051782100557e+01 -1.301145602135684953e+01 -4.375804598545767021e+01
-3.465913854950287742e+01 -3.244256182707531622e+01 -1.284687175323267816e+01 -4.412495908494562968e+01
-3.458656792750026909e+01 -3.131312971168721049e+01 -1.279314452949568270e+01 -4.554980318540562934e+01
-3.446427294168755395e+01 -3.232165123779677884e+01 -1.286720363317547289e+01 -4.691058765068135017e+01
-3.434507317458939468e+01 -3.308790849731855133e+01 -1.303119592508447333e+01 -4.664803830796216033e+01
-3.428517183920160249e+01 -3.184292731020209644e+01 -1.321435151064713764e+01 -4.519862454672230712e+01
-3.431882356221084507e+01 -3.114242485992978615e+01 -1.335044219640136554e+01 -4.445654430560320236e+01
-3.442670074024665894e+01 -3.232813782701449412e+01 -1.341063716928263361e+01 -4.631761633058573580e+01
-3.454063402158590890e+01 -3.268654958985131032e+01 -1.341300162335787505e+01 -4.792736387284392663e+01
-3.459497217673905567e+01 -3.149639942557392658e+01 -1.340603569448456867e+01 -4.736052524284338716e+01
-3.457115489946050246e+01 -3.111376705970745604e+01 -1.343710022598830456e+01 -4.539204207909659061e+01
-3.449448714442499409e+01 -3.202561219349129118e+01 -1.352491403789047730e+01 -4.532274960301222677e+01
-3.440215134159844013e+01 -3.207116715935777762e+01 -1.364928639701323121e+01 -4.766261764796256273e+01
-3.431870411624392858e+01 -3.121308411486899104e+01 -1.376316027763392036e+01 -4.919111015512205398e+01
-3.425410781956968975e+01 -3.107781727337872724e+01 -1.381957602634073545e+01 -4.745919857489672466e+01
-3.421223869118807670e+01 -3.153916487179214201e+01 -1.379817470264374712e+01 -4.548299191078282888e+01
-3.419823699764128122e+01 -3.122506854223401618e+01 -1.371590613621219745e+01 -4.675658958568709522e+01
-3.421506238311174997e+01 -3.040329951665938779e+01 -1.361691165855234154e+01 -4.903073976317988070e+01
-3.425865639673102692e+01 -3.051056179301143345e+01 -1.354793760906389188e+01 -4.838945826300138719e+01
-3.431661379609116835e+01 -2.949064622452105411e+01 -1.353432916787001261e+01 -4.552598865872568723e+01
-3.437359563336782742e+01 -1.396661650893843998e+01 -1.356692082424962642e+01 -3.767985363163600709e+01
-3.441881796299851004e+01 3.773923385763049509e+01 -1.360937087106909971e+01 -6.243387709199997637e+00
-3.444976373940028225e+01 1.062876278845725722e+02 -1.361978860035798711e+01 5.407165882678872038e+01
-3.446896542094815885e+01 9.753314275429467273e+01 -1.357539418737568582e+01 8.724876468948798447e+01
-3.468220339814967446e+01 -3.322404001349537594e+01 -1.293307919437536313e+01 -4.289299971118298771e+01
-3.454637566840320062e+01 -3.381156661514354766e+01 -1.312868752319534771e+01 -4.458967119360224274e+01
-3.438104257682507381e+01 -3.243034801877199413e+01 -1.341477911948932800e+01 -4.570745280815863509e+01
-3.431174284358469606e+01 -3.220775730614070653e+01 -1.369144399337339735e+01 -4.511604359396513786e+01
-3.437151267213064898e+01 -3.355335642031601395e+01 -1.385946200698677444e+01 -4.373577584766698578e+01
-3.449920098598023799e+01 -3.295382058294184446e+01 -1.387279137135931251e+01 -4.352677457869800293e+01
-3.457256063570746818e+01 -3.163835740916865902e+01 -1.375548165138542878e+01 -4.481536406647337145e+01
-3.451837816589143415e+01 -3.252790473939123927e+01 -1.357879041138913578e+01 -4.576851681418915518e+01
-3.436969979467274072e+01 -3.333195238972700736e+01 -1.341791156647288652e+01 -4.584921091168059348e+01
-3.422615387968463807e+01 -3.204466436423381026e+01 -1.331461140723572534e+01 -4.437025065466087881e+01
-3.418581491847217535e+01 -3.157829568125020359e+01 -1.326414631753298501e+01 -4.400889716374528149e+01
-3.427340418634644692e+01 -3.279503986302309926e+01 -1.322969268578273017e+01 -4.559713663030381525e+01
-3.441208619678214120e+01 -3.256864140148915965e+01 -1.317117668915212469e+01 -4.727944145960158551e+01
-3.449130610281809339e+01 -3.139373717363059768e+01 -1.307140041954651721e+01 -4.669937583435881834e+01
-3.446527952999963418e+01 -3.178869914811167163e+01 -1.294512809298096734e+01 -4.471259676734883470e+01
-3.436713857613006695e+01 -3.247407517688231593e+01 -1.282927003258942023e+01 -4.467858332786879316e+01
-3.425383659645396506e+01 -3.175488198292009656e+01 -1.276105977075087772e+01 -4.691346770193592164e+01
-3.416285829261417462e+01 -3.137143819099448905e+01 -1.275747674439568158e+01 -4.817648636877867574e+01
-3.411347274299461674e+01 -3.200455558164387782e+01 -1.280817606543142162e+01 -4.647837302292868600e+01
-3.411434968082065922e+01 -3.180077891796361911e+01 -1.288428246139001310e+01 -4.500076676348807325e+01
-3.416494050956430328e+01 -3.122398521265431270e+01 -1.295580347267341459e+01 -4.636228822149821127e+01
-3.424721780186093412e+01 -3.157388947951234215e+01 -1.300539176673765240e+01 -4.891627361153377507e+01
-3.432952662934179244e+01 -3.162311225894374900e+01 -1.303364849530594860e+01 -4.796227170530318062e+01
-3.438182827187448254e+01 -3.071766898874871288e+01 -1.305462517432630243e+01 -4.565755850123347415e+01
-3.439237985622654747e+01 -3.048944171713364781e+01 -1.308492646458107522e+01 -4.625661498750327638e+01
-3.436838973479668624e+01 -3.103379365226906472e+01 -1.313331329039490214e+01 -4.836811739360156537e+01
-3.432609573131718861e+01 -3.068166015060674923e+01 -1.319787727286103340e+01 -4.841647173630038026e+01
-3.427843462442081801e+01 -2.359777652746124232e+01 -1.326906841388583658e+01 -4.357540111610524747e+01
-3.423117893116590693e+01 1.128487216458992748e+01 -1.333554142257177588e+01 -2.149300964046966200e+01
-3.418468073212966374e+01 8.489670842522268401e+01 -1.338811732009489397e+01 3.244171111900377724e+01
-3.413962986339166861e+01 1.142664949805535457e+02 -1.342240423345611156e+01 8.346762470539106005e+01
-3.445922447317955317e+01 -3.227170481672032309e+01 -1.288359929063595821e+01 -4.440922365568938091e+01
-3.428782335929489022e+01 -3.319519671806964567e+01 -1.287785103995764580e+01 -4.309567315173950419e+01
-3.420633544524832104e+01 -3.379450250263324307e+01 -1.294981280968585935e+01 -4.231463923800817639e+01
-3.429985876785551113e+01 -3.228981318501949715e+01 -1.301778115028310090e+01 -4.402167716708878231e+01
-3.445785292157898994e+01 -3.235781849108720110e+01 -1.303014341480788119e+01 -4.551121719144515509e+01
-3.447551030847819931e+01 -3.363224604313136723e+01 -1.299446980040089805e+01 -4.545191311592630967e+01
-3.432106066583347115e+01 -3.261981472011964911e+01 -1.296805191614678243e+01 -4.386815816250954470e+01
-3.414200194483063910e+01 -3.176065001948402866e+01 -1.301566894499698357e+01 -4.266280296995138599e+01
-3.409145082550115546e+01 -3.295609415799263076e+01 -1.316339261217368239e+01 -4.440953419277938252e+01
-3.419812441855823693e+01 -3.281710982189295578e+01 -1.337756980216192204e+01 -4.593972689872264681e+01
-3.434380817040894129e+01 -3.162086205851433363e+01 -1.358233021038908461e+01 -4.585156112573265119e+01
-3.439157980674922044e+01 -3.223770363283586704e+01 -1.370168316703172096e+01 -4.438044606396796610e+01
-3.431745776575774443e+01 -3.277319241118718907e+01 -1.370240346616457749e+01 -4.398509101645942110e+01
-3.418672413467280791e+01 -3.174199870283548819e+01 -1.361276993190427298e+01 -4.590471499463792071e+01
-3.406918691717642389e+01 -3.172698475550017250e+01 -1.350422420938024182e+01 -4.728481697927627891e+01
-3.400999382343632504e+01 -3.247934380683663846e+01 -1.344993408275061064e+01 -4.555464789790521252e+01
-3.403150202690869719e+01 -3.168925927561643263e+01 -1.348561835824877519e+01 -4.436702926406174896e+01
-3.412258812257960017e+01 -3.128038775385510206e+01 -1.359619144025935711e+01 -4.568313488733691941e+01
-3.423166838267862033e+01 -3.222531725872452313e+01 -1.373106967363027486e+01 -4.785218051818640106e+01
-3.429660518111693790e+01 -3.177036613724033742e+01 -1.383511579232335542e+01 -4.740890348360049700e+01
-3.428806569473611887e+01 -3.080069437730233872e+01 -1.387629932731250726e+01 -4.546973534771050396e+01
-3.421965338440250548e+01 -3.179376845253626627e+01 -1.385339650797319777e+01 -4.593576061651148024e+01
-3.412680958331286973e+01 -3.221852235190167590e+01 -1.378012803132461528e+01 -4.795272709352017415e+01
-3.403925828745461502e+01 -3.049843352014300280e+01 -1.365987917352116732e+01 -4.808143068982599999e+01
-3.397091753121863889e+01 -3.024773651417549303e+01 -1.347141920106965074e+01 -4.644208874434069401e+01
-3.392580452979888861e+01 -3.148599440873516286e+01 -1.317567768229010561e+01 -4.612748146658912418e+01
-3.390447698709537150e+01 -3.078000896664223518e+01 -1.274003345096447148e+01 -4.751460464255043803e+01
-3.390827393417325197e+01 -2.760987197796838188e+01 -1.216528085486132760e+01 -4.765326723553024379e+01
-3.393377998183515132e+01 -7.695912614981467392e+00 -1.149707415656676091e+01 -3.446333566429309059e+01
-3.397373235238119804e+01 5.843050493171495674e+01 -1.081057475593186545e+01 1.298698268973611825e+01
-3.401664082793271149e+01 1.174809379384522146e+02 -1.017796996974391810e+01 7.464978931273769547e+01
-3.418116688880306953e+01 -3.361834303096129162e+01 -1.341967985610648562e+01 -4.271861848441600529e+01
-3.409248135996804763e+01 -3.227358030976090930e+01 -1.357917736036582745e+01 -4.409458994745579474e+01
-3.424691782937000539e+01 -3.340340934215856095e+01 -1.367404904314100023e+01 -4.510748039210832161e+01
-3.440250032298742155e+01 -3.357675679322412776e+01 -1.363580703950768225e+01 -4.384207462423949409e+01
-3.432222270102733575e+01 -3.208509777445474498e+01 -1.345449237274832832e+01 -4.212747131037767190e+01
-3.411186195053827674e+01 -3.277007468266621970e+01 -1.320586219119440408e+01 -4.326696368991157016e+01
-3.399859277966093174e+01 -3.341885283444799626e+01 -1.302623982086834609e+01 -4.507925849127889961e+01
-3.407227568746917257e+01 -3.208164504093861780e+01 -1.303949847360067871e+01 -4.559361790515237089e+01
-3.422782735355830397e+01 -3.229762488516374930e+01 -1.326856565284998624e+01 -4.364099342174534968e+01
-3.428948079526308135e+01 -3.315362116525174230e+01 -1.357936153429021431e+01 -4.276185343818007567e+01
-3.420683549524117950e+01 -3.202296766294501396e+01 -1.370019678216796599e+01 -4.433244467354885643e+01
-3.405538934315759292e+01 -3.186940205583025332e+01 -1.333174543085226382e+01 -4.614897582051816016e+01
-3.393294950129133980e+01 -3.282340445525571226e+01 -1.229501863055025623e+01 -4.541203923571082157e+01
-3.391184381852472995e+01 -3.188595083273844821e+01 -1.062241961608664553e+01 -4.348607793135106903e+01
-3.400495578386183126e+01 -3.149072271820913826e+01 -8.543520197038340314e+00 -4.435613179578912479e+01
-3.413748856924657815e+01 -3.266144527537193198e+01 -6.402484340538848961e+00 -4.651043312181433009e+01
-3.420287193863737940e+01 -3.190596820025558955e+01 -1.184056637264788492e+01 -4.696574842985618403e+01
-3.415910957436362594e+01 -3.097285347726289828e+01 -1.127299306321465799e+01 -4.493810501286404246e+01
-3.404496515726326322e+01 -3.230276661133407146e+01 -1.077490354797880379e+01 -4.497143662201127512e+01
-3.392421026023431097e+01 -3.215542707375968234e+01 -1.051216690787857111e+01 -4.664473555397012206e+01
-3.383989870747015516e+01 -3.044604324061934619e+01 -1.062556094069394419e+01 -4.752471938584323397e+01
-3.380815915386116188e+01 -3.143566505067370187e+01 -1.202918606801764057e+01 -4.644882699166355877e+01
-3.382715363602616065e+01 -3.264951333307211456e+01 -1.733894554160435675e+01 -4.539325949318864417e+01
-3.388664634380567264e+01 -3.070487951684826555e+01 -2.310624345118454315e+01 -4.683820420800772411e+01
-3.396725563504485734e+01 -3.007513248489129154e+01 -2.870774043862124003e+01 -4.803612087663159969e+01
-3.404232771918670863e+01 -3.177777469341818417e+01 -1.561642901920358462e+01 -4.737325761272938252e+01
-3.409011657540689555e+01 -3.078139605907345455e+01 -1.653247861320375023e+01 -4.548113149831197433e+01
-3.410264271822553184e+01 -2.887410300560420495e+01 -1.718897013630571280e+01 -4.649865448689502756e+01
-3.408575062236396036e+01 -1.952285965304537640e+01 -1.759756678416118092e+01 -4.311616163353666309e+01
-3.405277841518111615e+01 3.241634811367759994e+01 -1.781063090789919201e+01 -7.821132641402904540e+00
-3.401460227710528272e+01 1.091196691531827838e+02 -1.789683720639042974e+01 6.150359677829397498e+01
-3.399756446868347837e+01 -3.405937496916362761e+01 -1.297106170370340550e+01 -4.353666513291663875e+01
-3.418395702627838517e+01 -3.328592273191134865e+01 -1.357321232943663958e+01 -4.174554458827439163e+01
-3.430399504337191985e+01 -3.234146872477588630e+01 -1.401848591430883140e+01 -4.238343215545840792e+01
-3.416179133074457752e+01 -3.372342098816894662e+01 -1.366765308521207878e+01 -4.402478024534136125e+01
-3.396193670243042817e+01 -3.307854523769277222e+01 -1.205575552689844265e+01 -4.505081493983084329e+01
-3.392024478914182595e+01 -3.211493360253793838e+01 -9.311267782512882007e+00 -4.390929771442423402e+01
-3.405371314617735123e+01 -3.333570942782634461e+01 -6.195463332767105591e+00 -4.194912152766172397e+01
-3.417973588127556894e+01 -3.275847935862599769e+01 -1.174388635200585185e+01 -4.318247026368848651e+01
-3.413794521653007763e+01 -3.186611321039512390e+01 -1.088646761056441470e+01 -4.531975042164581424e+01
-3.397084279128593920e+01 -3.304904075496629190e+01 -1.068355778612136930e+01 -4.572723658017382320e+01
-3.382461138979948601e+01 -3.250552450522462777e+01 -1.499023657617678396e+01 -4.391363674164674080e+01
-3.382244996868982412e+01 -3.160924956479271586e+01 -2.522107618636909976e+01 -4.328227760407158087e+01
-3.395979425700991783e+01 -3.283677185412236810e+01 -1.554436549287974678e+01 -4.463156587885247717e+01
-3.408800181371108806e+01 -3.230249627870583140e+01 -1.689776499224815964e+01 -4.593722866238949365e+01
-3.407922131261970833e+01 -3.114866455242236043e+01 -1.732609594230349614e+01 -4.519866545567456484e+01
-3.395351685186024326e+01 -3.250705887098065006e+01 -1.715661628500675562e+01 -4.404946403298301050e+01
-3.380872434802202520e+01 -3.234715430060871455e+01 -1.572421511423888596e+01 -4.518262422469461370e+01
-3.372037082301476119e+01 -3.078010033033727311e+01 -2.336463445568985620e+01 -4.682006526428607174e+01
-3.371749646141364565e+01 -3.199873295415362051e+01 -1.653144137457022822e+01 -4.646736181205121596e+01
-3.378905959767929090e+01 -3.258663268669851476e+01 -1.607695932064312672e+01 -4.499326462944761573e+01
-3.389350356023464883e+01 -3.062393450086948121e+01 -1.536671335581552178e+01 -4.533337514749213426e+01
-3.397588610204351056e+01 -3.103153168226058156e+01 -1.433233822912723276e+01 -4.717031061417887372e+01
-3.399772000782015624e+01 -3.254999073635764972e+01 -1.311271800697814882e+01 -4.758506536830650901e+01
-3.395521590564133163e+01 -3.099826429626932622e+01 -1.190148237489148997e+01 -4.586572373056116447e+01
-3.387329406130072584e+01 -3.016523245116283647e+01 -1.087136169690282550e+01 -4.577504176290345583e+01
-3.378374337652326886e+01 -3.172116217432015262e+01 -1.013289540961556057e+01 -4.798036443465116463e+01
-3.370820034695844924e+01 -3.080509944742211914e+01 -9.725668974950018253e+00 -4.785700211614634014e+01
-3.365381750284456075e+01 -2.937842179969463174e+01 -9.626055474452490657e+00 -4.495791559858800923e+01
-3.362003835351168135e+01 -2.607101731280424772e+01 -9.762082395001968393e+00 -4.425137859613700897e+01
-3.360573838343881192e+01 1.062057549273808021e+01 -1.003681287618966422e+01 -2.506416688764655731e+01
-3.361028937287816376e+01 9.249613169853741113e+01 -1.035728506724499809e+01 4.155875305565608357e+01
-3.407318009125215497e+01 -3.286810561124532626e+01 -1.194532135138067552e+01 -4.265764530676278810e+01
-3.418845590001279078e+01 -3.416019161064653531e+01 -1.065157426321052725e+01 -4.433933445618373526e+01
-3.404487025405890677e+01 -3.277627707453316219e+01 -8.555439640526600442e+00 -4.411367790009084899e+01
-3.385074548256958593e+01 -3.273010388853973751e+01 -1.990249238339939453e+01 -4.232030059181046511e+01
-3.384143037860030034e+01 -3.375619657728419298e+01 -1.475289479996931874e+01 -4.190257418019853475e+01
-3.401346775644675091e+01 -3.236641057471133820e+01 -1.660307633769364699e+01 -4.364044158688241026e+01
-3.409055960312796429e+01 -3.269993232792379700e+01 -1.689238526503859461e+01 -4.502802156503469888e+01
-3.394382507120386094e+01 -3.338508790839716056e+01 -1.573832514606758792e+01 -4.401315829206895103e+01
-3.374607952868222327e+01 -3.193343316829693279e+01 -1.941794225986745914e+01 -4.261280528269774237e+01
-3.370986210654451298e+01 -3.258719344393347939e+01 -1.618234571318394543e+01 -4.355784438061215980e+01
-3.386062529401024790e+01 -3.303015347092422616e+01 -1.490169831456830885e+01 -4.540713043410071492e+01
-3.399362142250362240e+01 -3.149848142593605616e+01 -1.278995963971933669e+01 -4.525624544187862597e+01
-3.394854188655909155e+01 -3.242879403901161339e+01 -1.087822464515797805e+01 -4.355102533864653935e+01
-3.378754600374164596e+01 -3.286377211946668808e+01 -1.008417468702860909e+01 -4.316706704417131846e+01
-3.364794804561282859e+01 -3.115709459308023099e+01 -1.049133870714640970e+01 -4.545912713437470387e+01
-3.361361501735272128e+01 -3.207727929596772043e+01 -9.639164538647397862e+00 -4.631104457963860455e+01
-3.369408295793398622e+01 -3.268869107955619313e+01 -1.485637283241328355e+01 -4.486878426143218235e+01
-3.382145088189626847e+01 -3.094629597283653766e+01 -1.812006889317634517e+01 -4.371025109406846809e+01
-3.389477191032537462e+01 -3.157669096873608439e+01 -1.946110281314104640e+01 -4.579541306752807373e+01
-3.386389822431935670e+01 -3.254130988259439050e+01 -1.941327782824160408e+01 -4.717851790922284749e+01
-3.375420297678702752e+01 -3.101578075754451547e+01 -1.859986303908758032e+01 -4.559407710321255536e+01
-3.362868064807273782e+01 -3.105908787882159316e+01 -1.750523822310375621e+01 -4.449729913394154579e+01
-3.353986677107123171e+01 -3.211944940323626696e+01 -1.641231886557984865e+01 -4.679262518228791379e+01
-3.350959126214930706e+01 -3.113963234460588936e+01 -1.543930464895703203e+01 -4.831501317406969775e+01
-3.353310669187924020e+01 -3.063950480495388362e+01 -1.461376409760729089e+01 -4.578276351413282441e+01
-3.359269695673697953e+01 -3.134937864403452323e+01 -1.393742986651065152e+01 -4.510768328638413749e+01
-3.366712590233139935e+01 -3.060388947507582458e+01 -1.341785893473367963e+01 -4.798870489366903769e+01
-3.373548723513336256e+01 -2.994157455334426032e+01 -1.306541518173562189e+01 -4.772864966602108439e+01
-3.378189612154272226e+01 -2.916897358055099332e+01 -1.287060395103357813e+01 -4.446681900830051859e+01
-3.379967654829572865e+01 -5.461352800666863239e+00 -1.278939528909599233e+01 -3.290154711152125344e+01
-3.379299135674066434e+01 7.141496212917714104e+01 -1.275544924388474577e+01 2.008163891782874799e+01
-3.408424758501622165e+01 -3.281915309982051809e+01 -1.706679108744189932e+01 -4.247192075498183783e+01
-3.396040476046766088e+01 -3.339077328599493910e+01 -2.425421018488684055e+01 -4.135430528353402480e+01
-3.373579536412440660e+01 -3.386534717042438558e+01 -1.179908076573727982e+01 -4.228223608955613599e+01
-3.375162169767939702e+01 -3.239185110373539800e+01 -1.508030870280252600e+01 -4.403891965766553795e+01
-3.396179558359785489e+01 -3.349918965037562657e+01 -1.223614272116352453e+01 -4.398028374316722733e+01
-3.396431741045910258e+01 -3.312152237530352039e+01 -1.039891810066808731e+01 -4.222276441852875450e+01
-3.374080721935734317e+01 -3.210729804532251563e+01 -1.063629747506977097e+01 -4.199361491530228108e+01
-3.360215152736680722e+01 -3.349990030132697427e+01 -1.228272895410254506e+01 -4.390441155694015407e+01
-3.370891594964864169e+01 -3.245427236333502918e+01 -1.770847292990901423e+01 -4.509757246694902477e+01
-3.387804941344247567e+01 -3.198777588818192186e+01 -1.928897238572923456e+01 -4.339605408484784022e+01
-3.385632437523366889e+01 -3.336497615410872442e+01 -1.826328639083752492e+01 -4.257894655854897792e+01
-3.368171018522321702e+01 -3.187562687168761499e+01 -1.628402907630897190e+01 -4.329530567974222066e+01
-3.353244281967327112e+01 -3.182652199912649849e+01 -1.446351050289242401e+01 -4.542244069427190567e+01
-3.352819602044564817e+01 -3.305727799754438934e+01 -1.325823218396075376e+01 -4.495657205502504183e+01
-3.366173011642079871e+01 -3.150471310845296813e+01 -1.266514889141791933e+01 -4.336126675284801735e+01
-3.378587438776911256e+01 -3.172409431765929000e+01 -1.247062765151517993e+01 -4.410086378705805288e+01
-3.377156197311269636e+01 -3.268900704542863167e+01 -1.245257255892834714e+01 -4.625823331082291645e+01
-3.363760028608648867e+01 -3.127785838732379986e+01 -1.248164763711028691e+01 -4.550851624758923464e+01
-3.348855296453732677e+01 -3.153456114533964083e+01 -1.252449149828653496e+01 -4.376246298680200653e+01
-3.341280469418686039e+01 -3.215420427242646895e+01 -1.259118647712673322e+01 -4.477289981761606441e+01
-3.343756828131633085e+01 -3.112982358687306927e+01 -1.268424692313401358e+01 -4.699516165500072162e+01
-3.353171571820340091e+01 -3.145488960437608128e+01 -1.278516182411688717e+01 -4.623175735185664337e+01
-3.363363858136865048e+01 -3.162565572076838194e+01 -1.287049494596406163e+01 -4.425490828523228970e+01
-3.369208528071547448e+01 -3.100379699939312061e+01 -1.293032765890639979e+01 -4.650118465635307530e+01
-3.368717464341221302e+01 -3.141730760861971916e+01 -1.297337852262626257e+01 -4.824497503078072924e+01
-3.362819213996280610e+01 -3.095169974457899897e+01 -1.301557393266364571e+01 -4.565327044019354474e+01
-3.354095915892114022e+01 -3.020118144458458076e+01 -1.306365719346221610e+01 -4.517454865918706020e+01
-3.345393633318296622e+01 -3.065709914002036385e+01 -1.311185188658810219e+01 -4.769196238163303292e+01
-3.338627062769911902e+01 -3.013098343163691339e+01 -1.315118712326219175e+01 -4.726506710959286295e+01
-3.334350569341088288e+01 -1.609894939206563080e+01 -1.317798057399570943e+01 -3.818225966903197133e+01
-3.332215904187837197e+01 4.928800138851783430e+01 -1.319629707976326571e+01 4.928082415905587155e+00
-3.389538446333086341e+01 -3.400470224995954993e+01 -1.023345922114664752e+01 -4.275567239220725924e+01
-3.363219599025906348e+01 -3.263634329654349386e+01 -1.322085075193054848e+01 -4.391793134952811783e+01
-3.366195272208207712e+01 -3.400526092330043326e+01 -1.835594022223622801e+01 -4.267797427625608009e+01
-3.388307012866902568e+01 -3.299629744187490843e+01 -1.832559909547585875e+01 -4.118434324444628203e+01
-3.381614768737548360e+01 -3.272251363059313434e+01 -1.602517550108890987e+01 -4.160175659802648340e+01
-3.357505890460155484e+01 -3.380209337434416028e+01 -1.388838645273180461e+01 -4.406075865584814721e+01
-3.352289560269448287e+01 -3.215329878780548967e+01 -1.282769762954769988e+01 -4.418403929581120337e+01
-3.370139638530501713e+01 -3.297801293822403323e+01 -1.267061366073459183e+01 -4.262084476731514115e+01
-3.378958564477878213e+01 -3.316533952754226533e+01 -1.287272626452949176e+01 -4.256242580697617939e+01
-3.364365486182516207e+01 -3.166699621456792357e+01 -1.304303500421471185e+01 -4.439205449289058691e+01
-3.345419272249254306e+01 -3.313142346520848491e+01 -1.309033129858427458e+01 -4.525103824048112244e+01
-3.342733399301386044e+01 -3.247050228248191672e+01 -1.309891849065459013e+01 -4.320094539289254243e+01
-3.358221717183374722e+01 -3.157382179963884283e+01 -1.315568435069850572e+01 -4.290549407207042520e+01
-3.369819551533236535e+01 -3.292643891800595668e+01 -1.326573500974684094e+01 -4.482526700498252836e+01
-3.362058532028332536e+01 -3.178051247173995009e+01 -1.336382354697802199e+01 -4.583709491750471443e+01
-3.344154394317776990e+01 -3.165583095820423765e+01 -1.337680721159917141e+01 -4.455141212389151661e+01
-3.332207180852617512e+01 -3.249204814173305067e+01 -1.328552189174267895e+01 -4.354439681364516446e+01
-3.334293797653033664e+01 -3.133645548694986260e+01 -1.313925606624058062e+01 -4.535105786152830376e+01
-3.346635410104705244e+01 -3.184493869473485717e+01 -1.301471547483111024e+01 -4.637157328666713596e+01
-3.357746105102850720e+01 -3.188293855589456527e+01 -1.295926783427895579e+01 -4.454892442400904429e+01
-3.359229679300114668e+01 -3.092358946174985590e+01 -1.295847779917795251e+01 -4.414290885697630529e+01
-3.351181641966729075e+01 -3.194840757877231141e+01 -1.295261194268741356e+01 -4.715646661334420031e+01
-3.338706720368453773e+01 -3.126122815553215872e+01 -1.289043863828509551e+01 -4.632779299827224406e+01
-3.327610415896779017e+01 -3.064270669239743938e+01 -1.277308257765200850e+01 -4.475680807682619644e+01
-3.321921335197574621e+01 -3.213213846685517439e+01 -1.265081143119143015e+01 -4.585198227924571768e+01
-3.322687541602609684e+01 -3.071248436442959218e+01 -1.257940679754359437e+01 -4.763608030723157327e+01
-3.328161668863399569e+01 -2.989930818296725690e+01 -1.257245227172221114e+01 -4.609013067005011521e+01
-3.335494618405946454e+01 -3.131753458649644628e+01 -1.259162508296816796e+01 -4.540225849603535124e+01
-3.342368197378117856e+01 -2.997808211615395280e+01 -1.258438515069511965e+01 -4.696139831577746548e+01
-3.347421766439995849e+01 -2.261197723178025498e+01 -1.253059754996099784e+01 -4.418628830960524567e+01
-3.350083349918359943e+01 2.869274545694700507e+01 -1.245824711510215899e+01 -8.294278613513411003e+00
-3.355993654045467167e+01 -3.437638728583750947e+01 -1.373350053491993883e+01 -3.935760248920611559e+01
-3.355569196631168438e+01 -3.313484153450888670e+01 -1.322902151951545058e+01 -3.780983528310072472e+01
-3.377779712099603415e+01 -3.323655240720921000e+01 -1.322645527137724741e+01 -3.820098867486230176e+01
-3.369882815447562763e+01 -3.387931340548592374e+01 -1.321265639990750174e+01 -3.816677578953231631e+01
-3.345935386651754584e+01 -3.227766626210411971e+01 -1.314131092426906555e+01 -3.605024716131909912e+01
-3.345001504043396068e+01 -3.371754951203864437e+01 -1.310794444291717120e+01 -3.412865476800826059e+01
-3.364873499700389203e+01 -3.283628007022386441e+01 -1.311355036848681621e+01 -3.488283745976138306e+01
-3.364836564940572572e+01 -3.228599352453301918e+01 -1.308129838918519994e+01 -3.670234575042410086e+01
-3.343034829022687404e+01 -3.357218943770308783e+01 -1.295961835966643427e+01 -3.656248333323212307e+01
-3.330871378948426553e+01 -3.190339164391118487e+01 -1.277065780942330697e+01 -3.507602352280020597e+01
-3.344477109646826563e+01 -3.264518074943600823e+01 -1.258227803150900037e+01 -3.594187360326433378e+01
-3.359959886389634676e+01 -3.278216440994967940e+01 -1.245714970094678442e+01 -3.868054285401687054e+01
-3.351654031062647476e+01 -3.159630593956484645e+01 -1.241956704938632683e+01 -3.922104023072215284e+01
-3.331546265285925301e+01 -3.282497047077515617e+01 -1.244929185415778328e+01 -3.755601004391571962e+01
-3.321576194413370331e+01 -3.184239935083221695e+01 -1.250191027243535657e+01 -3.842089755514191296e+01
-3.329806187044521693e+01 -3.174264003795072142e+01 -1.253867677379428258e+01 -4.087628903087239252e+01
-3.344981626092299365e+01 -3.245605703580807244e+01 -1.254851267445894081e+01 -4.012413300450065634e+01
-3.349427567263722239e+01 -3.109158890929616348e+01 -1.255390280005254766e+01 -3.786004506300256622e+01
-3.339641206559350195e+01 -3.210920911640420172e+01 -1.259099280855746272e+01 -3.886654648426420522e+01
-3.324333905377841347e+01 -3.185946285462962990e+01 -1.267756124562058773e+01 -4.019711756154357118e+01
-3.313684195393466325e+01 -3.064113613927262136e+01 -1.279781778725068797e+01 -3.830586879788928201e+01
-3.313630437569482012e+01 -3.229903736652045154e+01 -1.291001739790035607e+01 -3.694712289168278119e+01
-3.322831205615425176e+01 -3.111614538845852351e+01 -1.297536404386520026e+01 -3.836241474809418150e+01
-3.333817327480589654e+01 -3.035214734208218701e+01 -1.298939089604916397e+01 -3.891987566254733366e+01
-3.339713161270431385e+01 -3.241019834696971458e+01 -1.298539343492021203e+01 -3.773036928839256632e+01
-3.338724330917635541e+01 -3.060367118594545843e+01 -1.300662827430505075e+01 -3.838919209670770272e+01
-3.332665836003815230e+01 -2.996540594080454056e+01 -1.307040620732469094e+01 -4.100250451743274027e+01
-3.324192640357297535e+01 -3.159677388253264141e+01 -1.314992136641996012e+01 -4.187966278228295636e+01
-3.315656128557444760e+01 -2.954783246567583888e+01 -1.319810049935695240e+01 -4.137333327059692323e+01
-3.308884733443074566e+01 -2.654956740226416656e+01 -1.318977664756797807e+01 -4.318080039564897987e+01
-3.304696222399177685e+01 1.128235967395999317e+01 -1.314411363523887388e+01 -2.341359025432709373e+01
-3.343024762836896713e+01 -3.351026889236652551e+01 -1.292354474023628974e+01 -5.456406304290661069e+01
-3.364921257886456374e+01 -3.412485601796345236e+01 -1.280700775947955705e+01 -5.804127523988749005e+01
-3.361891789825335763e+01 -3.259795063215872091e+01 -1.257685613205981845e+01 -5.820725282778192167e+01
-3.336319416336713317e+01 -3.415130013300229450e+01 -1.236535866821318663e+01 -5.811746388255644291e+01
-3.336749748463459042e+01 -3.275403421310494423e+01 -1.231450939992264004e+01 -5.890531593738889882e+01
-3.358426278415770128e+01 -3.297139826398731088e+01 -1.245105458805874576e+01 -5.842163116766058550e+01
-3.350027155575360638e+01 -3.353763291679199199e+01 -1.268001646921743131e+01 -5.499926557271697902e+01
-3.325164042410874998e+01 -3.201575782233777545e+01 -1.287888802135086230e+01 -5.095084435558395342e+01
-3.324867287264071081e+01 -3.346700961610845582e+01 -1.298222294696209111e+01 -5.034363923893519654e+01
-3.345906285033787242e+01 -3.232276643328756904e+01 -1.300471995073130671e+01 -4.896816911261322502e+01
-3.346169225628894850e+01 -3.236130913477266091e+01 -1.301145736882348736e+01 -4.518511263104493736e+01
-3.325323294855681411e+01 -3.291013116664230864e+01 -1.305732797331671513e+01 -4.144014858190355710e+01
-3.312322175501760313e+01 -3.156839453204089097e+01 -1.314323348665300095e+01 -4.049414052373946760e+01
-3.321477158438499799e+01 -3.284457791003441685e+01 -1.321804464512613286e+01 -4.059782630253222635e+01
-3.337573250814324410e+01 -3.181893615665386221e+01 -1.322320238129447745e+01 -3.820946092657596438e+01
-3.336624234142676215e+01 -3.171993686437467019e+01 -1.314584621150645205e+01 -3.663716316016767394e+01
-3.320129581146938591e+01 -3.263044283070497897e+01 -1.302662734278256274e+01 -3.833239928247896700e+01
-3.304820726751408699e+01 -3.087869732793688371e+01 -1.292114309679962503e+01 -3.975482427042449274e+01
-3.303697916289493719e+01 -3.214887550948857609e+01 -1.285652850386071044e+01 -3.930908062989399809e+01
-3.316305462806059978e+01 -3.189849130491067442e+01 -1.281721704934470907e+01 -4.074163943403640786e+01
-3.328705726927779551e+01 -3.052638138520371669e+01 -1.276941703935359662e+01 -4.488138618966157622e+01
-3.329646298806890314e+01 -3.234965827548943196e+01 -1.269702532218597568e+01 -4.703607685383621373e+01
-3.320439077310980736e+01 -3.108823367361207701e+01 -1.261078088921902918e+01 -4.914915024214766248e+01
-3.307819422140352117e+01 -3.044569661200462463e+01 -1.253299374096991592e+01 -5.179302545424280879e+01
-3.297509447341933964e+01 -3.212937760046386870e+01 -1.247825770836420389e+01 -5.723983174707828425e+01
-3.293066177303952458e+01 -3.057067034635937475e+01 -1.244561774786782493e+01 -5.922362595835335242e+01
-3.295433672486877441e+01 -3.041670318692457542e+01 -1.242605912011069513e+01 -6.053631768300754601e+01
-3.302476189501604864e+01 -3.127156089992461219e+01 -1.241054908870492035e+01 -6.506311202616463163e+01
-3.310442593662121880e+01 -2.943487921072999214e+01 -1.239275252752940837e+01 -6.519116660327932777e+01
-3.316439127082538363e+01 -2.892258993699647363e+01 -1.237053738044183682e+01 -6.106706775476371263e+01
-3.319581007971795117e+01 -2.169366569945930578e+00 -1.234542773053161291e+01 -4.558071110400501880e+01
-3.349272170065336951e+01 -3.288929798922990955e+01 -1.314529713495218921e+01 -1.944278813296380548e+01
-3.356125169789612528e+01 -3.442470545962848405e+01 -1.326397489163468535e+01 -1.996696453411642480e+01
-3.327636853862892252e+01 -3.295368836104139376e+01 -1.320738954664107823e+01 -2.364767024626138436e+01
-3.326542726261101279e+01 -3.346704574610041760e+01 -1.309219178200765654e+01 -2.690236103973401427e+01
-3.349907838040829944e+01 -3.359424067738466135e+01 -1.301721541026964601e+01 -2.886069535319059653e+01
-3.336551514630620119e+01 -3.242033485878116039e+01 -1.300252269547846851e+01 -3.272074021798748333e+01
-3.313257793834984000e+01 -3.381271416472208102e+01 -1.300797073111454338e+01 -3.912915693617075164e+01
-3.322584151209500902e+01 -3.217963794203578232e+01 -1.296328807043886222e+01 -4.362234856357160595e+01
-3.339733604527085475e+01 -3.317078117593855069e+01 -1.281975116436161066e+01 -4.391961074712381219e+01
-3.325993220122501981e+01 -3.261402128529175570e+01 -1.260170161990220805e+01 -4.560411302806504352e+01
-3.305132024536438706e+01 -3.216701339350844790e+01 -1.240191913012185410e+01 -4.824839263461924332e+01
-3.307657690205385848e+01 -3.310117558532630966e+01 -1.230942305643909052e+01 -5.001268828235013331e+01
-3.326764039757176050e+01 -3.148591156399633562e+01 -1.233348220648856142e+01 -4.875995221696599913e+01
-3.327165145696076820e+01 -3.284982633028222665e+01 -1.240416284954446979e+01 -4.986803300586408483e+01
-3.307761178373407063e+01 -3.187924439409936994e+01 -1.243938444040504621e+01 -5.114604616829808492e+01
-3.293285080740324844e+01 -3.156767960773664683e+01 -1.241431852688046789e+01 -5.157274170331707808e+01
-3.299270132587464133e+01 -3.274575302778067254e+01 -1.237794115453548649e+01 -5.082382904149311997e+01
-3.315541766796245327e+01 -3.088626474275804412e+01 -1.239941338189315978e+01 -5.126294040037656430e+01
-3.319492758621743178e+01 -3.209713574469247988e+01 -1.250228167700884718e+01 -5.347647068655432889e+01
-3.308082286164885488e+01 -3.178924676894268586e+01 -1.264295014190864386e+01 -5.280835892608462956e+01
-3.292941353091237033e+01 -3.070429743326019434e+01 -1.274944294355780450e+01 -5.076703675851106823e+01
-3.284390320341037039e+01 -3.210362698239759283e+01 -1.278910692860969256e+01 -5.227273964672249917e+01
-3.287209705653026504e+01 -3.099554606209608565e+01 -1.279409820176825896e+01 -5.208247598168453152e+01
-3.298398800632740091e+01 -3.096096486844802342e+01 -1.282066282383005351e+01 -4.905746219927100071e+01
-3.308670181861842963e+01 -3.143692256485918080e+01 -1.289092623774569013e+01 -4.720784461418780609e+01
-3.311333688904002059e+01 -3.068895883424978166e+01 -1.297343527994767598e+01 -4.814178382626504060e+01
-3.306649765279735931e+01 -3.101641231227722884e+01 -1.302049289394490117e+01 -4.188870103809639289e+01
-3.298360446615451025e+01 -3.063902366843793601e+01 -1.301953406799294832e+01 -3.631633011850334469e+01
-3.289700995117861737e+01 -3.042516786431443876e+01 -1.300194792164600699e+01 -3.508323811940370973e+01
-3.282407699909045107e+01 -3.041007376468110124e+01 -1.300819535512605185e+01 -2.866900841632853769e+01
-3.277325843156908292e+01 -1.052636695736468830e+01 -1.304538775770267023e+01 -1.340881640113073558e+01
-3.350391639915149966e+01 -3.342898968767902090e+01 -1.287532534303469056e+01 -4.830000887808963483e+01
-3.323081550975819454e+01 -3.370265557220053410e+01 -1.268073782845087294e+01 -4.589380873941789218e+01
-3.314668968496160772e+01 -3.387151182839001251e+01 -1.242935958853397693e+01 -4.345273583380812710e+01
-3.338607937873574372e+01 -3.274565803871045944e+01 -1.225028535857096834e+01 -4.192937997825082164e+01
-3.325468904964289152e+01 -3.406416151039246643e+01 -1.222264804543880601e+01 -4.348045470285217107e+01
-3.303281511109980784e+01 -3.235562086909120438e+01 -1.234624509136276238e+01 -4.212811532806349391e+01
-3.317125181326635186e+01 -3.371653065258621496e+01 -1.254009011083516789e+01 -4.053488280230340024e+01
-3.329817722604863661e+01 -3.249785384093006257e+01 -1.270128539634114517e+01 -4.026803179343821171e+01
-3.308787229905762928e+01 -3.288101368274206493e+01 -1.278197180447263115e+01 -4.278248304487483722e+01
-3.293313783945712458e+01 -3.289522621357577492e+01 -1.280862134149193921e+01 -4.222199429506717649e+01
-3.309245060502157543e+01 -3.191241209329827200e+01 -1.283850627726668669e+01 -4.035162861799795309e+01
-3.320188304365218102e+01 -3.327550522201034511e+01 -1.291446676534618376e+01 -4.115720483195076440e+01
-3.302291344669536954e+01 -3.149027867348242182e+01 -1.303091415863052305e+01 -4.371941245373422902e+01
-3.284889094214426564e+01 -3.276135938970811878e+01 -1.312856327210543128e+01 -4.294687174148953090e+01
-3.291970727848222111e+01 -3.199815383516828859e+01 -1.314444852548034781e+01 -4.125812528640642540e+01
-3.309221075628373399e+01 -3.149879724486862997e+01 -1.306823592697746861e+01 -4.289833851101258233e+01
-3.307380768764046763e+01 -3.261914919600751972e+01 -1.295238039542049080e+01 -4.475960104541545093e+01
-3.290078640693323564e+01 -3.101212621808462444e+01 -1.286647469883725137e+01 -4.326368734197528454e+01
-3.276074075294692278e+01 -3.212883257980214324e+01 -1.283799535130614977e+01 -4.231808462948279015e+01
-3.277583969077012682e+01 -3.143737114408398270e+01 -1.283601218874864180e+01 -4.491149998629423834e+01
-3.291484905476821865e+01 -3.115259618058712121e+01 -1.280126021716338514e+01 -4.512939136782730287e+01
-3.300881484701411495e+01 -3.172240855356121614e+01 -1.270283078516256836e+01 -4.263685080883126233e+01
-3.296869388383555588e+01 -3.084318147046487013e+01 -1.257379969499277728e+01 -4.442153410931430813e+01
-3.284804041041552125e+01 -3.192458526820104936e+01 -1.248041085728124777e+01 -4.604943340873946767e+01
-3.273202048479628701e+01 -3.120487618334594160e+01 -1.245770567092981373e+01 -4.347759353527278137e+01
-3.267155305006284038e+01 -3.053608052878856682e+01 -1.247352552571292250e+01 -4.408671794759783324e+01
-3.268213940462739231e+01 -2.704378355168114112e+01 -1.246186492964891279e+01 -4.656005270190642165e+01
-3.275011901615031462e+01 -2.774164705560389876e+01 -1.239330659397403878e+01 -4.462704250343155365e+01
-3.283651747901719631e+01 -2.851577615885483041e+01 -1.230444730879074910e+01 -4.430005635763179583e+01
-3.290252552873786129e+01 -3.211012578447321175e+01 -1.225883333647412066e+01 -4.738426299233911010e+01
-3.293015673871452975e+01 -1.385352162189240310e+01 -1.227898414698973184e+01 -4.168557509994083432e+01
-3.323321280117936993e+01 -3.440394744685035988e+01 -1.291741429315454504e+01 -3.945042219949415596e+01
-3.303279843881724531e+01 -3.294456890765128065e+01 -1.302924795343643893e+01 -4.103420972025506330e+01
-3.326168705343814480e+01 -3.443120259815805895e+01 -1.299550166516957006e+01 -4.234757665590277043e+01
-3.319547365652795889e+01 -3.263311854588511807e+01 -1.292979719027621144e+01 -4.067061795923731182e+01
-3.293753079328589450e+01 -3.405147079230014384e+01 -1.293676943844436877e+01 -3.987036579559524796e+01
-3.307548407295232806e+01 -3.261793498587913120e+01 -1.301250156446057105e+01 -4.126778830978644663e+01
-3.318431383925727118e+01 -3.340382799887370169e+01 -1.306915051718419285e+01 -4.315647185221992288e+01
-3.293371762272928294e+01 -3.285519301706484896e+01 -1.301513235758346276e+01 -4.168042015755743535e+01
-3.286338007412929585e+01 -3.255749145325841454e+01 -1.283177983303839476e+01 -4.065354194385025011e+01
-3.308882879170987934e+01 -3.321797158776471548e+01 -1.260500217692476177e+01 -4.143533892450665235e+01
-3.304304114387603875e+01 -3.172912647639067174e+01 -1.244606820387843449e+01 -4.359244217997701298e+01
-3.280190669886207644e+01 -3.329405302013082490e+01 -1.238233952062157250e+01 -4.250759149170707474e+01
-3.278020101647018691e+01 -3.158400814847403026e+01 -1.236794789451927556e+01 -4.134683565625388013e+01
-3.297462363886177883e+01 -3.265129635301587285e+01 -1.235227219550318623e+01 -4.316143316368707872e+01
-3.298201149389960563e+01 -3.201119419614484940e+01 -1.231195942153186529e+01 -4.445255499176882097e+01
-3.279331173846181002e+01 -3.164369901795407714e+01 -1.225346873400098957e+01 -4.191816903909246861e+01
-3.267043298486895964e+01 -3.233552817830189952e+01 -1.220778658120504012e+01 -4.176758170135711623e+01
-3.276202264447752555e+01 -3.110443411346167508e+01 -1.221379283681693195e+01 -4.483696884869327448e+01
-3.291325521273832777e+01 -3.229086626012475136e+01 -1.228114865803221534e+01 -4.424675998947674316e+01
-3.289064842959479762e+01 -3.113721317655901188e+01 -1.237798237680879332e+01 -4.204058621596234246e+01
-3.273349696832588762e+01 -3.227378721081083057e+01 -1.245690131370340303e+01 -4.468839499939104343e+01
-3.259517833212448323e+01 -3.106368510479273581e+01 -1.249073711481788607e+01 -4.551338833889212054e+01
-3.257329377282996319e+01 -2.621184635236835447e+01 -1.249723407433772593e+01 -4.343590646643016839e+01
-3.266925224625590118e+01 -3.026710614903537078e+01 -1.252262335282075334e+01 -4.455141451982717626e+01
-3.278839403115435402e+01 -2.766024283895613678e+01 -1.259673194286591524e+01 -4.617130887552286822e+01
-3.283564318795315273e+01 -2.788256601910826049e+01 -1.270049901551144522e+01 -4.486274845071844908e+01
-3.279528409309627790e+01 -2.601374233284908755e+01 -1.277798555942654701e+01 -4.484316893736134091e+01
-3.270752294971397589e+01 -2.450921538172520187e+01 -1.279352164578105899e+01 -4.646374156105773778e+01
-3.261692916406207132e+01 -2.943677888068727100e+01 -1.276856456173925736e+01 -4.567145048905867810e+01
-3.255003854106497840e+01 -2.691643311156044049e+01 -1.276171644967471508e+01 -4.433918907263885956e+01
-3.251446094913436013e+01 -2.124302106668315204e+01 -1.280843628258844547e+01 -4.355590020793206207e+01
-3.295603462174144482e+01 -3.477874873076743256e+01 -1.297758944128415770e+01 -4.126685921881013996e+01
-3.308117961032094456e+01 -3.298898884805773690e+01 -1.278566870533457411e+01 -4.006284025537348015e+01
-3.316067620818455453e+01 -3.428004545938221526e+01 -1.250808114860094733e+01 -3.944714340354604332e+01
-3.286985830768962558e+01 -3.298971981100688566e+01 -1.225965440926912287e+01 -4.125010707777747854e+01
-3.297566485347069687e+01 -3.371479716516851255e+01 -1.214626088114723856e+01 -4.236851206650575108e+01
-3.309390939604767823e+01 -3.304618446224111494e+01 -1.220657427100926817e+01 -4.088428925700637251e+01
-3.281336231385660795e+01 -3.300198784548735631e+01 -1.234478098906623522e+01 -4.020368691057308297e+01
-3.279278513461758138e+01 -3.323315251966905493e+01 -1.243271046455897988e+01 -4.203741465821620693e+01
-3.300902878156173870e+01 -3.224197015262126342e+01 -1.244388661276742525e+01 -4.254552804659363119e+01
-3.286246662232849047e+01 -3.342970757866307707e+01 -1.242865573481837238e+01 -4.132334071116736141e+01
-3.267112038925412776e+01 -3.171959452773996091e+01 -1.246765308270069816e+01 -4.073351260627317316e+01
-3.280257306330474165e+01 -3.320647521997165796e+01 -1.261152443668773060e+01 -4.243253952883863889e+01
-3.291914977505218332e+01 -3.165238610709877420e+01 -1.280282497256922447e+01 -4.358821918848860122e+01
-3.273733156218468565e+01 -3.264094300380935465e+01 -1.292977169658358605e+01 -4.150815365535664370e+01
-3.257052362040585081e+01 -3.185081177101918115e+01 -1.295230602444094536e+01 -4.158744914455539998e+01
-3.267579120356684541e+01 -3.194278136199213236e+01 -1.292584705742580198e+01 -4.433395756177469593e+01
-3.283792305587853377e+01 -3.227848604446037228e+01 -1.291227677403721863e+01 -4.266019375213028297e+01
-3.276152819814765138e+01 -3.173720536186180752e+01 -1.292566917622645306e+01 -4.144347821096917528e+01
-3.258053638772345550e+01 -3.089692012277675559e+01 -1.294560304283510810e+01 -4.418803933673757456e+01
-3.250616157860190469e+01 -2.899667564905473327e+01 -1.294477877892099649e+01 -4.470829867127824997e+01
-3.260450345252223059e+01 -3.001098493314176707e+01 -1.291126209358909804e+01 -4.237976912889617154e+01
-3.272553655674708750e+01 -2.753360522198103766e+01 -1.284936556890750481e+01 -4.385885513709515493e+01
-3.271395559227759975e+01 -2.592896929202769130e+01 -1.277516575823552536e+01 -4.552499025822753964e+01
-3.259539441684116667e+01 -2.703900027234115910e+01 -1.270981768512784171e+01 -4.365230316416257494e+01
-3.246776879188632847e+01 -2.684070035847009805e+01 -1.266791713715480583e+01 -4.381953166553029178e+01
-3.240589301577660564e+01 -2.874601120925158781e+01 -1.264754368399785278e+01 -4.628878844681384663e+01
-3.243449617788171224e+01 -2.839049667534329302e+01 -1.262664810340341681e+01 -4.535254050348825672e+01
-3.252235698964526023e+01 -2.832426703842093474e+01 -1.258330885771209395e+01 -4.390132880045588593e+01
-3.261073507440547559e+01 -2.832157389613630372e+01 -1.251981600070805101e+01 -4.683162008435179757e+01
-3.266149020739909759e+01 -2.555660134780372417e+01 -1.246368991671799620e+01 -4.526838573520230113e+01
-3.266806732465887109e+01 -2.640753031736614531e+01 -1.244217096288219793e+01 -4.263448978222847074e+01
-3.287918222728642803e+01 -3.427069453486205930e+01 -1.253699878341822327e+01 -3.964440197978780844e+01
-3.311062472151578362e+01 -3.361232803630741728e+01 -1.261757900673524446e+01 -4.096296483656054477e+01
-3.282310626884932248e+01 -3.375620143231490289e+01 -1.261406632017582474e+01 -4.142428598923796557e+01
-3.282272721358251744e+01 -3.350656398365584465e+01 -1.262193069989824146e+01 -3.954865618490848078e+01
-3.301395660856100278e+01 -3.323252969118360767e+01 -1.272729641447907589e+01 -3.976120589708892794e+01
-3.275439908861667249e+01 -3.351718804419765263e+01 -1.289086841073596013e+01 -4.189857807404688828e+01
-3.272753119803645205e+01 -3.262364902846513104e+01 -1.304043079406363859e+01 -4.224157692018291499e+01
-3.291849086979747341e+01 -3.354821722683529117e+01 -1.309484664601724013e+01 -3.985399888587323858e+01
-3.271342163353068599e+01 -3.206959129125704067e+01 -1.299931876463528546e+01 -4.053432324311935275e+01
-3.257109297028296879e+01 -3.345316472630671001e+01 -1.282796208468105448e+01 -4.262561641550826153e+01
-3.278438745361400208e+01 -3.178813918524594584e+01 -1.268699771227209361e+01 -4.198647571569843251e+01
-3.277303718372652952e+01 -3.315610437245990028e+01 -1.261593090555272667e+01 -4.059495886889731509e+01
-3.254117397145317625e+01 -3.163196858535875577e+01 -1.260279331571570616e+01 -4.185066248238464226e+01
-3.253928774943463509e+01 -3.286938084571713148e+01 -1.258275214899193095e+01 -4.381946232726187418e+01
-3.272072323428645291e+01 -3.219824808453245168e+01 -1.247546077911166940e+01 -4.225261329684264666e+01
-3.265104321626498063e+01 -3.100493179571137148e+01 -1.230248282989540343e+01 -4.141709688745700646e+01
-3.245739613608102303e+01 -3.046232437333551957e+01 -1.218040239532743207e+01 -4.361138016000045070e+01
-3.242685815138531780e+01 -2.898525255164618031e+01 -1.216776093422607197e+01 -4.388742295269371141e+01
-3.259413257414426113e+01 -2.860962716690611529e+01 -1.220449088782054936e+01 -4.161921823398275677e+01
-3.267045641862852534e+01 -2.580682014219440035e+01 -1.220411586107887025e+01 -4.332090929267428692e+01
-3.255863215500391306e+01 -2.805479266469746946e+01 -1.215802662784689403e+01 -4.507009657409574999e+01
-3.240280032470853655e+01 -2.825350221283037300e+01 -1.212155770684842082e+01 -4.270127803905298691e+01
-3.234603142846130197e+01 -2.855621760093537986e+01 -1.213262210070144143e+01 -4.312076485149050598e+01
-3.242886735873055670e+01 -2.988376133105351684e+01 -1.217623483268647888e+01 -4.590662343844878990e+01
-3.253875431474775581e+01 -3.226570399738491801e+01 -1.221444905639375911e+01 -4.417544808430499614e+01
-3.256438674012302670e+01 -2.778153262336270402e+01 -1.223288333759494861e+01 -4.346733892433794466e+01
-3.250849930087949957e+01 -3.308206967890962602e+01 -1.224465968611466948e+01 -4.686005330791969925e+01
-3.241946336722644872e+01 -3.052923983709579048e+01 -1.226710121243311669e+01 -4.461356703802952239e+01
-3.233688948536245533e+01 -2.972562473863916210e+01 -1.230249207524267518e+01 -4.401222966809986303e+01
-3.228807646058786673e+01 -2.974674919453126876e+01 -1.234174165097731368e+01 -4.689461919252090638e+01
-3.228414517932613848e+01 -2.831459456017597631e+01 -1.238161521956663336e+01 -4.375515567205788869e+01
-3.297400863551816030e+01 -3.355457256020365975e+01 -1.315575672276084163e+01 -3.975444333634466432e+01
-3.286269355017031302e+01 -3.426427629871943736e+01 -1.305732094095724882e+01 -3.883897063169227692e+01
-3.267679745492919352e+01 -3.322465577238374124e+01 -1.279684272312269044e+01 -3.983394098526947147e+01
-3.290916125022004479e+01 -3.403778359456247671e+01 -1.254284938003018723e+01 -4.103198762423904356e+01
-3.269301129354924740e+01 -3.279073195641101535e+01 -1.238980331365962861e+01 -4.094218340537651812e+01
-3.260695131744444097e+01 -3.388523283093710603e+01 -1.236898982514223988e+01 -3.945478077272623807e+01
-3.284428659724159161e+01 -3.238957115530299546e+01 -1.237667707960054031e+01 -4.050898139693426003e+01
-3.263662421695914162e+01 -3.369495064266945406e+01 -1.232762019482754745e+01 -4.192912342408876469e+01
-3.251517140376155623e+01 -3.205641357668430658e+01 -1.224177812209234339e+01 -4.150040080865763059e+01
-3.272749816818816271e+01 -3.341597939497221148e+01 -1.213036376173437070e+01 -3.986706597054690349e+01
-3.259328025974566856e+01 -3.181339507277343870e+01 -1.206455380477230754e+01 -4.152620380785280929e+01
-3.240394662637829981e+01 -3.352791013865357428e+01 -1.213272991670958234e+01 -4.306757495461867791e+01
-3.257272144401836300e+01 -3.180013875888241515e+01 -1.227663924018691510e+01 -4.136691103211681053e+01
-3.264678713484295258e+01 -3.160749261832511436e+01 -1.239627278776458574e+01 -4.103145004395536688e+01
-3.243929151459053628e+01 -2.955442162855657884e+01 -1.247236282268460350e+01 -4.320979574276161372e+01
-3.233310411584317023e+01 -2.905531339898033849e+01 -1.249883955041406125e+01 -4.310223786070620378e+01
-3.249143205256647349e+01 -2.677654901358503636e+01 -1.249934490367649431e+01 -4.127568356829910812e+01
-3.255157258948705845e+01 -2.803873647019453585e+01 -1.256033066038242652e+01 -4.274081415742691092e+01
-3.240919057254568258e+01 -2.943369224088962000e+01 -1.271047024478374965e+01 -4.444270130792431672e+01
-3.228978535859213395e+01 -2.861456033913166053e+01 -1.284081621140136775e+01 -4.232995849864902027e+01
-3.236688862476731288e+01 -3.363822453078110897e+01 -1.284814046557180234e+01 -4.266174855621947870e+01
-3.253332039432821432e+01 -2.731683631098246678e+01 -1.278206803082535359e+01 -4.523400357345349221e+01
-3.257640822242184697e+01 -3.546250291949865385e+01 -1.276802134475065209e+01 -4.318056279066442471e+01
-3.252008870125583684e+01 -3.055084852336648282e+01 -1.284318017484069863e+01 -4.305880588231821093e+01
-3.247382227877783833e+01 -3.096740855446551777e+01 -1.292653589617368404e+01 -4.555906459576547007e+01
-3.252122676852725647e+01 -3.045845964245613757e+01 -1.293452408992175862e+01 -4.390338319659502986e+01
-3.268875344079814482e+01 -3.085423267184981100e+01 -1.287042638353746682e+01 -4.402633644598239471e+01
-3.290302576328207351e+01 -3.092922836804936182e+01 -1.280168797840081574e+01 -4.634892408717904999e+01
-3.305997930487832548e+01 -2.944185023828200443e+01 -1.277758013559085271e+01 -4.429627443930504427e+01
-3.311823321271722165e+01 -3.076907208020145390e+01 -1.278814738588763866e+01 -4.406283114878728924e+01
-3.309051315393053017e+01 -2.835495815533414188e+01 -1.280276051882583666e+01 -4.593049486804407167e+01
