3.499198837366446213e-01
3.615554120832734641e-01
3.731909404299023625e-01
3.848264687765312053e-01
3.964619971231601037e-01
4.080975254697889465e-01
4.197330538164177893e-01
4.313685821630466877e-01
4.430041105096755305e-01
4.546396388563044288e-01
4.662751672029332717e-01
4.779106955495621145e-01
4.895462238961910129e-01
5.011817522428199112e-01
5.128172805894487540e-01
5.244528089360775969e-01
5.360883372827064397e-01
5.477238656293352825e-01
5.593593939759642364e-01
5.709949223225930792e-01
5.826304506692219221e-01
5.942659790158507649e-01
6.059015073624796077e-01
6.175370357091085616e-01
6.291725640557374044e-01
6.408080924023662472e-01
6.524436207489952011e-01
6.640791490956239329e-01
6.757146774422528868e-01
6.873502057888817296e-01
3.499198837366446213e-01
3.615554120832734641e-01
3.731909404299023625e-01
3.848264687765312053e-01
3.964619971231601037e-01
4.080975254697889465e-01
4.197330538164177893e-01
4.313685821630466877e-01
4.430041105096755305e-01
4.546396388563044288e-01
4.662751672029332717e-01
4.779106955495621145e-01
4.895462238961910129e-01
5.011817522428199112e-01
5.128172805894487540e-01
5.244528089360775969e-01
5.360883372827064397e-01
5.477238656293352825e-01
5.593593939759642364e-01
5.709949223225930792e-01
5.826304506692219221e-01
5.942659790158507649e-01
6.059015073624796077e-01
6.175370357091085616e-01
6.291725640557374044e-01
6.408080924023662472e-01
6.524436207489952011e-01
6.873502057888817296e-01
6.989857341355105724e-01
3.499198837366446213e-01
3.615554120832734641e-01
3.731909404299023625e-01
3.848264687765312053e-01
3.964619971231601037e-01
4.080975254697889465e-01
4.197330538164177893e-01
4.313685821630466877e-01
4.430041105096755305e-01
4.546396388563044288e-01
4.662751672029332717e-01
4.779106955495621145e-01
4.895462238961910129e-01
5.011817522428199112e-01
5.128172805894487540e-01
5.244528089360775969e-01
5.360883372827064397e-01
5.477238656293352825e-01
5.593593939759642364e-01
5.709949223225930792e-01
5.826304506692219221e-01
5.942659790158507649e-01
6.059015073624796077e-01
6.175370357091085616e-01
6.291725640557374044e-01
6.408080924023662472e-01
6.524436207489952011e-01
6.640791490956239329e-01
6.757146774422528868e-01
6.873502057888817296e-01
6.989857341355105724e-01
3.499198837366446213e-01
3.615554120832734641e-01
3.731909404299023625e-01
3.848264687765312053e-01
3.964619971231601037e-01
4.080975254697889465e-01
4.197330538164177893e-01
4.313685821630466877e-01
4.430041105096755305e-01
4.546396388563044288e-01
4.662751672029332717e-01
4.779106955495621145e-01
4.895462238961910129e-01
5.011817522428199112e-01
5.128172805894487540e-01
5.244528089360775969e-01
5.360883372827064397e-01
5.477238656293352825e-01
5.593593939759642364e-01
5.709949223225930792e-01
5.826304506692219221e-01
5.942659790158507649e-01
6.059015073624796077e-01
6.175370357091085616e-01
6.291725640557374044e-01
6.408080924023662472e-01
6.524436207489952011e-01
6.640791490956239329e-01
6.757146774422528868e-01
6.873502057888817296e-01
6.989857341355105724e-01
3.499198837366446213e-01
3.615554120832734641e-01
3.731909404299023625e-01
3.848264687765312053e-01
3.964619971231601037e-01
4.080975254697889465e-01
4.197330538164177893e-01
4.313685821630466877e-01
4.430041105096755305e-01
4.546396388563044288e-01
4.662751672029332717e-01
4.779106955495621145e-01
4.895462238961910129e-01
5.011817522428199112e-01
5.128172805894487540e-01
5.244528089360775969e-01
5.360883372827064397e-01
5.477238656293352825e-01
5.593593939759642364e-01
5.709949223225930792e-01
5.826304506692219221e-01
5.942659790158507649e-01
6.059015073624796077e-01
6.175370357091085616e-01
6.291725640557374044e-01
6.408080924023662472e-01
6.524436207489952011e-01
6.640791490956239329e-01
6.757146774422528868e-01
6.873502057888817296e-01
6.989857341355105724e-01
3.499198837366446213e-01
3.615554120832734641e-01
3.731909404299023625e-01
3.848264687765312053e-01
3.964619971231601037e-01
4.080975254697889465e-01
4.197330538164177893e-01
4.313685821630466877e-01
4.430041105096755305e-01
4.546396388563044288e-01
4.662751672029332717e-01
4.779106955495621145e-01
4.895462238961910129e-01
5.011817522428199112e-01
5.128172805894487540e-01
5.244528089360775969e-01
5.360883372827064397e-01
5.477238656293352825e-01
5.593593939759642364e-01
5.709949223225930792e-01
5.826304506692219221e-01
5.942659790158507649e-01
6.059015073624796077e-01
6.175370357091085616e-01
6.291725640557374044e-01
6.408080924023662472e-01
6.524436207489952011e-01
6.640791490956239329e-01
6.757146774422528868e-01
6.873502057888817296e-01
6.989857341355105724e-01
3.499198837366446213e-01
3.615554120832734641e-01
3.731909404299023625e-01
3.848264687765312053e-01
3.964619971231601037e-01
4.080975254697889465e-01
4.197330538164177893e-01
4.313685821630466877e-01
4.430041105096755305e-01
4.546396388563044288e-01
4.662751672029332717e-01
4.779106955495621145e-01
4.895462238961910129e-01
5.011817522428199112e-01
5.128172805894487540e-01
5.244528089360775969e-01
5.360883372827064397e-01
5.477238656293352825e-01
5.593593939759642364e-01
5.709949223225930792e-01
5.826304506692219221e-01
5.942659790158507649e-01
6.059015073624796077e-01
6.175370357091085616e-01
6.291725640557374044e-01
6.408080924023662472e-01
6.524436207489952011e-01
6.640791490956239329e-01
6.757146774422528868e-01
6.873502057888817296e-01
6.989857341355105724e-01
3.499198837366446213e-01
3.615554120832734641e-01
3.731909404299023625e-01
3.848264687765312053e-01
3.964619971231601037e-01
4.080975254697889465e-01
4.197330538164177893e-01
4.313685821630466877e-01
4.430041105096755305e-01
4.546396388563044288e-01
4.662751672029332717e-01
4.779106955495621145e-01
4.895462238961910129e-01
5.011817522428199112e-01
5.128172805894487540e-01
5.244528089360775969e-01
5.360883372827064397e-01
5.477238656293352825e-01
5.593593939759642364e-01
5.709949223225930792e-01
5.826304506692219221e-01
5.942659790158507649e-01
6.059015073624796077e-01
6.175370357091085616e-01
6.291725640557374044e-01
6.408080924023662472e-01
6.524436207489952011e-01
6.640791490956239329e-01
6.757146774422528868e-01
6.873502057888817296e-01
6.989857341355105724e-01
3.499198837366446213e-01
3.615554120832734641e-01
3.731909404299023625e-01
3.848264687765312053e-01
3.964619971231601037e-01
4.080975254697889465e-01
4.197330538164177893e-01
4.313685821630466877e-01
4.430041105096755305e-01
4.546396388563044288e-01
4.662751672029332717e-01
4.779106955495621145e-01
4.895462238961910129e-01
5.011817522428199112e-01
5.128172805894487540e-01
5.244528089360775969e-01
5.360883372827064397e-01
5.477238656293352825e-01
5.593593939759642364e-01
5.709949223225930792e-01
5.826304506692219221e-01
5.942659790158507649e-01
6.059015073624796077e-01
6.175370357091085616e-01
6.291725640557374044e-01
6.408080924023662472e-01
6.524436207489952011e-01
6.640791490956239329e-01
6.757146774422528868e-01
6.873502057888817296e-01
6.989857341355105724e-01
3.499198837366446213e-01
3.615554120832734641e-01
3.731909404299023625e-01
3.848264687765312053e-01
3.964619971231601037e-01
4.080975254697889465e-01
4.197330538164177893e-01
4.313685821630466877e-01
4.430041105096755305e-01
4.546396388563044288e-01
4.662751672029332717e-01
4.779106955495621145e-01
4.895462238961910129e-01
5.011817522428199112e-01
5.128172805894487540e-01
5.244528089360775969e-01
5.360883372827064397e-01
5.477238656293352825e-01
5.593593939759642364e-01
5.709949223225930792e-01
5.826304506692219221e-01
5.942659790158507649e-01
6.059015073624796077e-01
6.175370357091085616e-01
6.291725640557374044e-01
6.408080924023662472e-01
6.524436207489952011e-01
6.640791490956239329e-01
6.757146774422528868e-01
6.873502057888817296e-01
6.989857341355105724e-01
3.499198837366446213e-01
3.615554120832734641e-01
3.731909404299023625e-01
3.848264687765312053e-01
3.964619971231601037e-01
4.080975254697889465e-01
4.197330538164177893e-01
4.313685821630466877e-01
4.430041105096755305e-01
4.546396388563044288e-01
4.662751672029332717e-01
4.779106955495621145e-01
4.895462238961910129e-01
5.011817522428199112e-01
5.128172805894487540e-01
5.244528089360775969e-01
5.360883372827064397e-01
5.477238656293352825e-01
5.593593939759642364e-01
5.709949223225930792e-01
5.826304506692219221e-01
5.942659790158507649e-01
6.059015073624796077e-01
6.175370357091085616e-01
6.291725640557374044e-01
6.408080924023662472e-01
6.524436207489952011e-01
6.640791490956239329e-01
6.757146774422528868e-01
6.873502057888817296e-01
6.989857341355105724e-01
3.499198837366446213e-01
3.615554120832734641e-01
3.731909404299023625e-01
3.848264687765312053e-01
3.964619971231601037e-01
4.080975254697889465e-01
4.197330538164177893e-01
4.313685821630466877e-01
4.430041105096755305e-01
4.546396388563044288e-01
4.662751672029332717e-01
4.779106955495621145e-01
4.895462238961910129e-01
5.011817522428199112e-01
5.128172805894487540e-01
5.244528089360775969e-01
5.360883372827064397e-01
5.477238656293352825e-01
5.593593939759642364e-01
5.709949223225930792e-01
5.826304506692219221e-01
5.942659790158507649e-01
6.059015073624796077e-01
6.175370357091085616e-01
6.291725640557374044e-01
6.408080924023662472e-01
6.524436207489952011e-01
6.640791490956239329e-01
6.757146774422528868e-01
6.873502057888817296e-01
6.989857341355105724e-01
3.499198837366446213e-01
3.615554120832734641e-01
3.731909404299023625e-01
3.848264687765312053e-01
3.964619971231601037e-01
4.080975254697889465e-01
4.197330538164177893e-01
4.313685821630466877e-01
4.430041105096755305e-01
4.546396388563044288e-01
4.662751672029332717e-01
4.779106955495621145e-01
4.895462238961910129e-01
5.011817522428199112e-01
5.128172805894487540e-01
5.244528089360775969e-01
5.360883372827064397e-01
5.477238656293352825e-01
5.593593939759642364e-01
5.709949223225930792e-01
5.826304506692219221e-01
5.942659790158507649e-01
6.059015073624796077e-01
6.175370357091085616e-01
6.291725640557374044e-01
6.408080924023662472e-01
6.524436207489952011e-01
6.640791490956239329e-01
6.757146774422528868e-01
6.873502057888817296e-01
6.989857341355105724e-01
3.499198837366446213e-01
3.615554120832734641e-01
3.731909404299023625e-01
3.848264687765312053e-01
3.964619971231601037e-01
4.080975254697889465e-01
4.197330538164177893e-01
4.313685821630466877e-01
4.430041105096755305e-01
4.546396388563044288e-01
4.662751672029332717e-01
4.779106955495621145e-01
4.895462238961910129e-01
5.011817522428199112e-01
5.128172805894487540e-01
5.244528089360775969e-01
5.360883372827064397e-01
5.477238656293352825e-01
5.593593939759642364e-01
5.709949223225930792e-01
5.826304506692219221e-01
5.942659790158507649e-01
6.059015073624796077e-01
6.175370357091085616e-01
6.291725640557374044e-01
6.408080924023662472e-01
6.524436207489952011e-01
6.640791490956239329e-01
6.757146774422528868e-01
6.873502057888817296e-01
6.989857341355105724e-01
3.499198837366446213e-01
3.615554120832734641e-01
3.731909404299023625e-01
3.848264687765312053e-01
3.964619971231601037e-01
4.080975254697889465e-01
4.197330538164177893e-01
4.313685821630466877e-01
4.430041105096755305e-01
4.546396388563044288e-01
4.662751672029332717e-01
4.779106955495621145e-01
4.895462238961910129e-01
5.011817522428199112e-01
5.128172805894487540e-01
5.244528089360775969e-01
5.360883372827064397e-01
5.477238656293352825e-01
5.593593939759642364e-01
5.709949223225930792e-01
5.826304506692219221e-01
5.942659790158507649e-01
6.059015073624796077e-01
6.175370357091085616e-01
6.291725640557374044e-01
6.408080924023662472e-01
6.524436207489952011e-01
6.640791490956239329e-01
6.757146774422528868e-01
6.873502057888817296e-01
6.989857341355105724e-01
3.499198837366446213e-01
3.615554120832734641e-01
3.731909404299023625e-01
3.848264687765312053e-01
3.964619971231601037e-01
4.080975254697889465e-01
4.197330538164177893e-01
4.313685821630466877e-01
4.430041105096755305e-01
4.546396388563044288e-01
4.662751672029332717e-01
4.779106955495621145e-01
4.895462238961910129e-01
5.011817522428199112e-01
5.128172805894487540e-01
5.244528089360775969e-01
5.360883372827064397e-01
5.477238656293352825e-01
5.593593939759642364e-01
5.709949223225930792e-01
5.826304506692219221e-01
5.942659790158507649e-01
6.059015073624796077e-01
6.175370357091085616e-01
6.291725640557374044e-01
6.408080924023662472e-01
6.524436207489952011e-01
6.640791490956239329e-01
6.757146774422528868e-01
6.873502057888817296e-01
6.989857341355105724e-01
3.499198837366446213e-01
3.615554120832734641e-01
3.731909404299023625e-01
3.848264687765312053e-01
3.964619971231601037e-01
4.080975254697889465e-01
4.197330538164177893e-01
4.313685821630466877e-01
4.430041105096755305e-01
4.546396388563044288e-01
4.662751672029332717e-01
4.779106955495621145e-01
4.895462238961910129e-01
5.011817522428199112e-01
5.128172805894487540e-01
5.244528089360775969e-01
5.360883372827064397e-01
5.477238656293352825e-01
5.593593939759642364e-01
5.709949223225930792e-01
5.826304506692219221e-01
5.942659790158507649e-01
6.059015073624796077e-01
6.175370357091085616e-01
6.291725640557374044e-01
6.408080924023662472e-01
6.524436207489952011e-01
6.640791490956239329e-01
6.757146774422528868e-01
6.873502057888817296e-01
6.989857341355105724e-01
3.499198837366446213e-01
3.615554120832734641e-01
3.731909404299023625e-01
3.848264687765312053e-01
3.964619971231601037e-01
4.080975254697889465e-01
4.197330538164177893e-01
4.313685821630466877e-01
4.430041105096755305e-01
4.546396388563044288e-01
4.662751672029332717e-01
4.779106955495621145e-01
4.895462238961910129e-01
5.011817522428199112e-01
5.128172805894487540e-01
5.244528089360775969e-01
5.360883372827064397e-01
5.477238656293352825e-01
5.593593939759642364e-01
5.709949223225930792e-01
5.826304506692219221e-01
5.942659790158507649e-01
6.059015073624796077e-01
6.175370357091085616e-01
6.291725640557374044e-01
6.408080924023662472e-01
6.524436207489952011e-01
6.640791490956239329e-01
6.757146774422528868e-01
6.873502057888817296e-01
6.989857341355105724e-01
3.499198837366446213e-01
3.615554120832734641e-01
3.731909404299023625e-01
3.848264687765312053e-01
3.964619971231601037e-01
4.080975254697889465e-01
4.197330538164177893e-01
4.313685821630466877e-01
4.430041105096755305e-01
4.546396388563044288e-01
4.662751672029332717e-01
4.779106955495621145e-01
4.895462238961910129e-01
5.011817522428199112e-01
5.128172805894487540e-01
5.244528089360775969e-01
5.360883372827064397e-01
5.477238656293352825e-01
5.593593939759642364e-01
5.709949223225930792e-01
5.826304506692219221e-01
5.942659790158507649e-01
6.059015073624796077e-01
6.175370357091085616e-01
6.291725640557374044e-01
6.408080924023662472e-01
6.524436207489952011e-01
6.640791490956239329e-01
6.757146774422528868e-01
6.873502057888817296e-01
6.989857341355105724e-01
3.499198837366446213e-01
3.615554120832734641e-01
3.731909404299023625e-01
3.848264687765312053e-01
3.964619971231601037e-01
4.080975254697889465e-01
4.197330538164177893e-01
4.313685821630466877e-01
4.430041105096755305e-01
4.546396388563044288e-01
4.662751672029332717e-01
4.779106955495621145e-01
4.895462238961910129e-01
5.011817522428199112e-01
5.128172805894487540e-01
5.244528089360775969e-01
5.360883372827064397e-01
5.477238656293352825e-01
5.593593939759642364e-01
5.709949223225930792e-01
5.826304506692219221e-01
5.942659790158507649e-01
6.059015073624796077e-01
6.175370357091085616e-01
6.291725640557374044e-01
6.408080924023662472e-01
6.524436207489952011e-01
6.640791490956239329e-01
6.757146774422528868e-01
6.873502057888817296e-01
6.989857341355105724e-01
3.499198837366446213e-01
3.615554120832734641e-01
3.731909404299023625e-01
3.848264687765312053e-01
3.964619971231601037e-01
4.080975254697889465e-01
4.197330538164177893e-01
4.313685821630466877e-01
4.430041105096755305e-01
4.546396388563044288e-01
4.662751672029332717e-01
4.779106955495621145e-01
4.895462238961910129e-01
5.011817522428199112e-01
5.128172805894487540e-01
5.244528089360775969e-01
5.360883372827064397e-01
5.477238656293352825e-01
5.593593939759642364e-01
5.709949223225930792e-01
5.826304506692219221e-01
5.942659790158507649e-01
6.059015073624796077e-01
6.175370357091085616e-01
6.291725640557374044e-01
6.408080924023662472e-01
6.524436207489952011e-01
6.640791490956239329e-01
6.757146774422528868e-01
6.873502057888817296e-01
6.989857341355105724e-01
3.499198837366446213e-01
3.615554120832734641e-01
3.731909404299023625e-01
3.848264687765312053e-01
3.964619971231601037e-01
4.080975254697889465e-01
4.197330538164177893e-01
4.313685821630466877e-01
4.430041105096755305e-01
4.546396388563044288e-01
4.662751672029332717e-01
4.779106955495621145e-01
4.895462238961910129e-01
5.011817522428199112e-01
5.128172805894487540e-01
5.244528089360775969e-01
5.360883372827064397e-01
5.477238656293352825e-01
5.593593939759642364e-01
5.709949223225930792e-01
5.826304506692219221e-01
5.942659790158507649e-01
6.059015073624796077e-01
6.175370357091085616e-01
6.291725640557374044e-01
6.408080924023662472e-01
6.524436207489952011e-01
6.640791490956239329e-01
6.757146774422528868e-01
6.873502057888817296e-01
6.989857341355105724e-01
3.499198837366446213e-01
3.615554120832734641e-01
3.731909404299023625e-01
3.848264687765312053e-01
3.964619971231601037e-01
4.080975254697889465e-01
4.197330538164177893e-01
4.313685821630466877e-01
4.430041105096755305e-01
4.546396388563044288e-01
4.662751672029332717e-01
4.779106955495621145e-01
4.895462238961910129e-01
5.011817522428199112e-01
5.128172805894487540e-01
5.244528089360775969e-01
5.360883372827064397e-01
5.477238656293352825e-01
5.593593939759642364e-01
5.709949223225930792e-01
5.826304506692219221e-01
5.942659790158507649e-01
6.059015073624796077e-01
6.175370357091085616e-01
6.291725640557374044e-01
6.408080924023662472e-01
6.524436207489952011e-01
6.640791490956239329e-01
6.757146774422528868e-01
6.873502057888817296e-01
6.989857341355105724e-01
3.499198837366446213e-01
3.615554120832734641e-01
3.731909404299023625e-01
3.848264687765312053e-01
3.964619971231601037e-01
4.080975254697889465e-01
4.197330538164177893e-01
4.313685821630466877e-01
4.430041105096755305e-01
4.546396388563044288e-01
4.662751672029332717e-01
4.779106955495621145e-01
4.895462238961910129e-01
5.011817522428199112e-01
5.128172805894487540e-01
5.244528089360775969e-01
5.360883372827064397e-01
5.477238656293352825e-01
5.593593939759642364e-01
5.709949223225930792e-01
5.826304506692219221e-01
5.942659790158507649e-01
6.059015073624796077e-01
6.175370357091085616e-01
6.291725640557374044e-01
6.408080924023662472e-01
6.524436207489952011e-01
6.640791490956239329e-01
6.757146774422528868e-01
6.873502057888817296e-01
6.989857341355105724e-01
3.499198837366446213e-01
3.615554120832734641e-01
3.731909404299023625e-01
3.848264687765312053e-01
3.964619971231601037e-01
4.080975254697889465e-01
4.197330538164177893e-01
4.313685821630466877e-01
4.430041105096755305e-01
4.546396388563044288e-01
4.662751672029332717e-01
4.779106955495621145e-01
4.895462238961910129e-01
5.011817522428199112e-01
5.128172805894487540e-01
5.244528089360775969e-01
5.360883372827064397e-01
5.477238656293352825e-01
5.593593939759642364e-01
5.709949223225930792e-01
5.826304506692219221e-01
5.942659790158507649e-01
6.059015073624796077e-01
6.175370357091085616e-01
6.291725640557374044e-01
6.408080924023662472e-01
6.524436207489952011e-01
6.640791490956239329e-01
6.757146774422528868e-01
6.873502057888817296e-01
6.989857341355105724e-01
3.499198837366446213e-01
3.615554120832734641e-01
3.731909404299023625e-01
3.848264687765312053e-01
3.964619971231601037e-01
4.080975254697889465e-01
4.197330538164177893e-01
4.313685821630466877e-01
4.430041105096755305e-01
4.546396388563044288e-01
4.662751672029332717e-01
4.779106955495621145e-01
4.895462238961910129e-01
5.011817522428199112e-01
5.128172805894487540e-01
5.244528089360775969e-01
5.360883372827064397e-01
5.477238656293352825e-01
5.593593939759642364e-01
5.709949223225930792e-01
5.826304506692219221e-01
5.942659790158507649e-01
6.059015073624796077e-01
6.175370357091085616e-01
6.291725640557374044e-01
6.408080924023662472e-01
6.524436207489952011e-01
6.640791490956239329e-01
6.757146774422528868e-01
6.873502057888817296e-01
6.989857341355105724e-01
3.499198837366446213e-01
3.615554120832734641e-01
3.731909404299023625e-01
3.848264687765312053e-01
3.964619971231601037e-01
4.080975254697889465e-01
4.197330538164177893e-01
4.313685821630466877e-01
4.430041105096755305e-01
4.546396388563044288e-01
4.662751672029332717e-01
4.779106955495621145e-01
4.895462238961910129e-01
5.011817522428199112e-01
5.128172805894487540e-01
5.244528089360775969e-01
5.360883372827064397e-01
5.477238656293352825e-01
5.593593939759642364e-01
5.709949223225930792e-01
5.826304506692219221e-01
5.942659790158507649e-01
6.059015073624796077e-01
6.175370357091085616e-01
6.291725640557374044e-01
6.408080924023662472e-01
6.524436207489952011e-01
6.640791490956239329e-01
6.757146774422528868e-01
6.873502057888817296e-01
6.989857341355105724e-01
3.499198837366446213e-01
3.615554120832734641e-01
3.731909404299023625e-01
3.848264687765312053e-01
3.964619971231601037e-01
4.080975254697889465e-01
4.197330538164177893e-01
4.313685821630466877e-01
4.430041105096755305e-01
4.546396388563044288e-01
4.662751672029332717e-01
4.779106955495621145e-01
4.895462238961910129e-01
5.011817522428199112e-01
5.128172805894487540e-01
5.244528089360775969e-01
5.360883372827064397e-01
5.477238656293352825e-01
5.593593939759642364e-01
5.709949223225930792e-01
5.826304506692219221e-01
5.942659790158507649e-01
6.059015073624796077e-01
6.175370357091085616e-01
6.291725640557374044e-01
6.408080924023662472e-01
6.524436207489952011e-01
6.640791490956239329e-01
6.757146774422528868e-01
6.873502057888817296e-01
6.989857341355105724e-01
3.499198837366446213e-01
3.615554120832734641e-01
3.731909404299023625e-01
3.848264687765312053e-01
3.964619971231601037e-01
4.080975254697889465e-01
4.197330538164177893e-01
4.313685821630466877e-01
4.430041105096755305e-01
4.546396388563044288e-01
4.662751672029332717e-01
4.779106955495621145e-01
4.895462238961910129e-01
5.011817522428199112e-01
5.128172805894487540e-01
5.244528089360775969e-01
5.360883372827064397e-01
5.477238656293352825e-01
5.593593939759642364e-01
5.709949223225930792e-01
5.826304506692219221e-01
5.942659790158507649e-01
6.059015073624796077e-01
6.175370357091085616e-01
6.291725640557374044e-01
6.408080924023662472e-01
6.524436207489952011e-01
6.640791490956239329e-01
6.757146774422528868e-01
6.873502057888817296e-01
6.989857341355105724e-01
3.499198837366446213e-01
3.615554120832734641e-01
3.731909404299023625e-01
3.848264687765312053e-01
3.964619971231601037e-01
4.080975254697889465e-01
4.197330538164177893e-01
4.313685821630466877e-01
4.430041105096755305e-01
4.546396388563044288e-01
4.662751672029332717e-01
4.779106955495621145e-01
4.895462238961910129e-01
5.011817522428199112e-01
5.128172805894487540e-01
5.244528089360775969e-01
5.360883372827064397e-01
5.477238656293352825e-01
5.593593939759642364e-01
5.709949223225930792e-01
5.826304506692219221e-01
5.942659790158507649e-01
6.059015073624796077e-01
6.175370357091085616e-01
6.291725640557374044e-01
6.408080924023662472e-01
6.524436207489952011e-01
6.640791490956239329e-01
6.757146774422528868e-01
6.873502057888817296e-01
6.989857341355105724e-01
3.499198837366446213e-01
3.615554120832734641e-01
3.731909404299023625e-01
3.848264687765312053e-01
3.964619971231601037e-01
4.080975254697889465e-01
4.197330538164177893e-01
4.313685821630466877e-01
4.430041105096755305e-01
4.546396388563044288e-01
4.662751672029332717e-01
4.779106955495621145e-01
4.895462238961910129e-01
5.011817522428199112e-01
5.128172805894487540e-01
5.244528089360775969e-01
5.360883372827064397e-01
5.477238656293352825e-01
5.593593939759642364e-01
5.709949223225930792e-01
5.826304506692219221e-01
5.942659790158507649e-01
6.059015073624796077e-01
6.175370357091085616e-01
6.291725640557374044e-01
6.408080924023662472e-01
6.524436207489952011e-01
6.640791490956239329e-01
6.757146774422528868e-01
6.873502057888817296e-01
6.989857341355105724e-01
