5.000000000000000000e+07
5.050000000000000000e+07
5.100000000000000000e+07
5.150000000000000000e+07
5.200000000000000000e+07
5.250000000000000000e+07
5.300000000000000000e+07
5.350000000000000000e+07
5.400000000000000000e+07
5.450000000000000000e+07
5.500000000000000000e+07
5.550000000000000000e+07
5.600000000000000000e+07
5.650000000000000000e+07
5.700000000000000000e+07
5.750000000000000000e+07
5.800000000000000000e+07
5.850000000000000000e+07
5.900000000000000000e+07
5.950000000000000000e+07
6.000000000000000000e+07
6.050000000000000000e+07
6.100000000000000000e+07
6.150000000000000000e+07
6.200000000000000000e+07
6.250000000000000000e+07
6.300000000000000000e+07
6.350000000000000000e+07
6.400000000000000000e+07
6.450000000000000000e+07
6.500000000000000000e+07
6.550000000000000000e+07
6.600000000000000000e+07
6.650000000000000000e+07
6.700000000000000000e+07
6.750000000000000000e+07
6.800000000000000000e+07
6.850000000000000000e+07
6.900000000000000000e+07
6.950000000000000000e+07
7.000000000000000000e+07
7.050000000000000000e+07
7.100000000000000000e+07
7.150000000000000000e+07
7.200000000000000000e+07
7.250000000000000000e+07
7.300000000000000000e+07
7.350000000000000000e+07
7.400000000000000000e+07
7.450000000000000000e+07
7.500000000000000000e+07
7.550000000000000000e+07
7.600000000000000000e+07
7.650000000000000000e+07
7.700000000000000000e+07
7.750000000000000000e+07
7.800000000000000000e+07
7.850000000000000000e+07
7.900000000000000000e+07
7.950000000000000000e+07
8.000000000000000000e+07
8.050000000000000000e+07
8.100000000000000000e+07
8.150000000000000000e+07
8.200000000000000000e+07
8.250000000000000000e+07
8.300000000000000000e+07
8.350000000000000000e+07
8.400000000000000000e+07
8.450000000000000000e+07
8.500000000000000000e+07
8.550000000000000000e+07
8.600000000000000000e+07
8.650000000000000000e+07
8.700000000000000000e+07
8.750000000000000000e+07
8.800000000000000000e+07
8.850000000000000000e+07
8.900000000000000000e+07
8.950000000000000000e+07
9.000000000000000000e+07
9.050000000000000000e+07
9.100000000000000000e+07
9.150000000000000000e+07
9.200000000000000000e+07
9.250000000000000000e+07
9.300000000000000000e+07
9.350000000000000000e+07
9.400000000000000000e+07
9.450000000000000000e+07
9.500000000000000000e+07
9.550000000000000000e+07
9.600000000000000000e+07
9.650000000000000000e+07
9.700000000000000000e+07
9.750000000000000000e+07
9.800000000000000000e+07
9.850000000000000000e+07
9.900000000000000000e+07
9.950000000000000000e+07
1.000000000000000000e+08
1.005000000000000000e+08
1.010000000000000000e+08
1.015000000000000000e+08
1.020000000000000000e+08
1.025000000000000000e+08
1.030000000000000000e+08
1.035000000000000000e+08
1.040000000000000000e+08
1.045000000000000000e+08
1.050000000000000000e+08
1.055000000000000000e+08
1.060000000000000000e+08
1.065000000000000000e+08
1.070000000000000000e+08
1.075000000000000000e+08
1.080000000000000000e+08
1.085000000000000000e+08
1.090000000000000000e+08
1.095000000000000000e+08
1.100000000000000000e+08
1.105000000000000000e+08
1.110000000000000000e+08
1.115000000000000000e+08
1.120000000000000000e+08
1.125000000000000000e+08
1.130000000000000000e+08
1.135000000000000000e+08
1.140000000000000000e+08
1.145000000000000000e+08
1.150000000000000000e+08
1.155000000000000000e+08
1.160000000000000000e+08
1.165000000000000000e+08
1.170000000000000000e+08
1.175000000000000000e+08
1.180000000000000000e+08
1.185000000000000000e+08
1.190000000000000000e+08
1.195000000000000000e+08
1.200000000000000000e+08
1.205000000000000000e+08
1.210000000000000000e+08
1.215000000000000000e+08
1.220000000000000000e+08
1.225000000000000000e+08
1.230000000000000000e+08
1.235000000000000000e+08
1.240000000000000000e+08
1.245000000000000000e+08
1.250000000000000000e+08
1.255000000000000000e+08
1.260000000000000000e+08
1.265000000000000000e+08
1.270000000000000000e+08
1.275000000000000000e+08
1.280000000000000000e+08
1.285000000000000000e+08
1.290000000000000000e+08
1.295000000000000000e+08
1.300000000000000000e+08
1.305000000000000000e+08
1.310000000000000000e+08
1.315000000000000000e+08
1.320000000000000000e+08
1.325000000000000000e+08
1.330000000000000000e+08
1.335000000000000000e+08
1.340000000000000000e+08
1.345000000000000000e+08
1.350000000000000000e+08
1.355000000000000000e+08
1.360000000000000000e+08
1.365000000000000000e+08
1.370000000000000000e+08
1.375000000000000000e+08
1.380000000000000000e+08
1.385000000000000000e+08
1.390000000000000000e+08
1.395000000000000000e+08
1.400000000000000000e+08
1.405000000000000000e+08
1.410000000000000000e+08
1.415000000000000000e+08
1.420000000000000000e+08
1.425000000000000000e+08
1.430000000000000000e+08
1.435000000000000000e+08
1.440000000000000000e+08
1.445000000000000000e+08
1.450000000000000000e+08
1.455000000000000000e+08
1.460000000000000000e+08
1.465000000000000000e+08
1.470000000000000000e+08
1.475000000000000000e+08
1.480000000000000000e+08
1.485000000000000000e+08
1.490000000000000000e+08
1.495000000000000000e+08
1.500000000000000000e+08
