6.504289629231249648e-02
6.504289629231249648e-02
6.504289629231249648e-02
6.504289629231249648e-02
6.504289629231249648e-02
6.504289629231249648e-02
6.504289629231249648e-02
6.504289629231249648e-02
6.504289629231249648e-02
6.504289629231249648e-02
6.504289629231249648e-02
6.504289629231249648e-02
6.504289629231249648e-02
6.504289629231249648e-02
6.504289629231249648e-02
6.504289629231249648e-02
6.504289629231249648e-02
6.504289629231249648e-02
6.504289629231249648e-02
6.504289629231249648e-02
6.504289629231249648e-02
6.504289629231249648e-02
6.504289629231249648e-02
6.504289629231249648e-02
6.504289629231249648e-02
6.504289629231249648e-02
6.504289629231249648e-02
6.504289629231249648e-02
6.504289629231249648e-02
6.504289629231249648e-02
7.667842463894135319e-02
7.667842463894135319e-02
7.667842463894135319e-02
7.667842463894135319e-02
7.667842463894135319e-02
7.667842463894135319e-02
7.667842463894135319e-02
7.667842463894135319e-02
7.667842463894135319e-02
7.667842463894135319e-02
7.667842463894135319e-02
7.667842463894135319e-02
7.667842463894135319e-02
7.667842463894135319e-02
7.667842463894135319e-02
7.667842463894135319e-02
7.667842463894135319e-02
7.667842463894135319e-02
7.667842463894135319e-02
7.667842463894135319e-02
7.667842463894135319e-02
7.667842463894135319e-02
7.667842463894135319e-02
7.667842463894135319e-02
7.667842463894135319e-02
7.667842463894135319e-02
7.667842463894135319e-02
7.667842463894135319e-02
7.667842463894135319e-02
8.831395298557022377e-02
8.831395298557022377e-02
8.831395298557022377e-02
8.831395298557022377e-02
8.831395298557022377e-02
8.831395298557022377e-02
8.831395298557022377e-02
8.831395298557022377e-02
8.831395298557022377e-02
8.831395298557022377e-02
8.831395298557022377e-02
8.831395298557022377e-02
8.831395298557022377e-02
8.831395298557022377e-02
8.831395298557022377e-02
8.831395298557022377e-02
8.831395298557022377e-02
8.831395298557022377e-02
8.831395298557022377e-02
8.831395298557022377e-02
8.831395298557022377e-02
8.831395298557022377e-02
8.831395298557022377e-02
8.831395298557022377e-02
8.831395298557022377e-02
8.831395298557022377e-02
8.831395298557022377e-02
8.831395298557022377e-02
8.831395298557022377e-02
8.831395298557022377e-02
8.831395298557022377e-02
9.994948133219908049e-02
9.994948133219908049e-02
9.994948133219908049e-02
9.994948133219908049e-02
9.994948133219908049e-02
9.994948133219908049e-02
9.994948133219908049e-02
9.994948133219908049e-02
9.994948133219908049e-02
9.994948133219908049e-02
9.994948133219908049e-02
9.994948133219908049e-02
9.994948133219908049e-02
9.994948133219908049e-02
9.994948133219908049e-02
9.994948133219908049e-02
9.994948133219908049e-02
9.994948133219908049e-02
9.994948133219908049e-02
9.994948133219908049e-02
9.994948133219908049e-02
9.994948133219908049e-02
9.994948133219908049e-02
9.994948133219908049e-02
9.994948133219908049e-02
9.994948133219908049e-02
9.994948133219908049e-02
9.994948133219908049e-02
9.994948133219908049e-02
9.994948133219908049e-02
9.994948133219908049e-02
1.115850096788279511e-01
1.115850096788279511e-01
1.115850096788279511e-01
1.115850096788279511e-01
1.115850096788279511e-01
1.115850096788279511e-01
1.115850096788279511e-01
1.115850096788279511e-01
1.115850096788279511e-01
1.115850096788279511e-01
1.115850096788279511e-01
1.115850096788279511e-01
1.115850096788279511e-01
1.115850096788279511e-01
1.115850096788279511e-01
1.115850096788279511e-01
1.115850096788279511e-01
1.115850096788279511e-01
1.115850096788279511e-01
1.115850096788279511e-01
1.115850096788279511e-01
1.115850096788279511e-01
1.115850096788279511e-01
1.115850096788279511e-01
1.115850096788279511e-01
1.115850096788279511e-01
1.115850096788279511e-01
1.115850096788279511e-01
1.115850096788279511e-01
1.115850096788279511e-01
1.115850096788279511e-01
1.232205380254568078e-01
1.232205380254568078e-01
1.232205380254568078e-01
1.232205380254568078e-01
1.232205380254568078e-01
1.232205380254568078e-01
1.232205380254568078e-01
1.232205380254568078e-01
1.232205380254568078e-01
1.232205380254568078e-01
1.232205380254568078e-01
1.232205380254568078e-01
1.232205380254568078e-01
1.232205380254568078e-01
1.232205380254568078e-01
1.232205380254568078e-01
1.232205380254568078e-01
1.232205380254568078e-01
1.232205380254568078e-01
1.232205380254568078e-01
1.232205380254568078e-01
1.232205380254568078e-01
1.232205380254568078e-01
1.232205380254568078e-01
1.232205380254568078e-01
1.232205380254568078e-01
1.232205380254568078e-01
1.232205380254568078e-01
1.232205380254568078e-01
1.232205380254568078e-01
1.232205380254568078e-01
1.348560663720856645e-01
1.348560663720856645e-01
1.348560663720856645e-01
1.348560663720856645e-01
1.348560663720856645e-01
1.348560663720856645e-01
1.348560663720856645e-01
1.348560663720856645e-01
1.348560663720856645e-01
1.348560663720856645e-01
1.348560663720856645e-01
1.348560663720856645e-01
1.348560663720856645e-01
1.348560663720856645e-01
1.348560663720856645e-01
1.348560663720856645e-01
1.348560663720856645e-01
1.348560663720856645e-01
1.348560663720856645e-01
1.348560663720856645e-01
1.348560663720856645e-01
1.348560663720856645e-01
1.348560663720856645e-01
1.348560663720856645e-01
1.348560663720856645e-01
1.348560663720856645e-01
1.348560663720856645e-01
1.348560663720856645e-01
1.348560663720856645e-01
1.348560663720856645e-01
1.348560663720856645e-01
1.464915947187145351e-01
1.464915947187145351e-01
1.464915947187145351e-01
1.464915947187145351e-01
1.464915947187145351e-01
1.464915947187145351e-01
1.464915947187145351e-01
1.464915947187145351e-01
1.464915947187145351e-01
1.464915947187145351e-01
1.464915947187145351e-01
1.464915947187145351e-01
1.464915947187145351e-01
1.464915947187145351e-01
1.464915947187145351e-01
1.464915947187145351e-01
1.464915947187145351e-01
1.464915947187145351e-01
1.464915947187145351e-01
1.464915947187145351e-01
1.464915947187145351e-01
1.464915947187145351e-01
1.464915947187145351e-01
1.464915947187145351e-01
1.464915947187145351e-01
1.464915947187145351e-01
1.464915947187145351e-01
1.464915947187145351e-01
1.464915947187145351e-01
1.464915947187145351e-01
1.464915947187145351e-01
1.581271230653433779e-01
1.581271230653433779e-01
1.581271230653433779e-01
1.581271230653433779e-01
1.581271230653433779e-01
1.581271230653433779e-01
1.581271230653433779e-01
1.581271230653433779e-01
1.581271230653433779e-01
1.581271230653433779e-01
1.581271230653433779e-01
1.581271230653433779e-01
1.581271230653433779e-01
1.581271230653433779e-01
1.581271230653433779e-01
1.581271230653433779e-01
1.581271230653433779e-01
1.581271230653433779e-01
1.581271230653433779e-01
1.581271230653433779e-01
1.581271230653433779e-01
1.581271230653433779e-01
1.581271230653433779e-01
1.581271230653433779e-01
1.581271230653433779e-01
1.581271230653433779e-01
1.581271230653433779e-01
1.581271230653433779e-01
1.581271230653433779e-01
1.581271230653433779e-01
1.581271230653433779e-01
1.697626514119722485e-01
1.697626514119722485e-01
1.697626514119722485e-01
1.697626514119722485e-01
1.697626514119722485e-01
1.697626514119722485e-01
1.697626514119722485e-01
1.697626514119722485e-01
1.697626514119722485e-01
1.697626514119722485e-01
1.697626514119722485e-01
1.697626514119722485e-01
1.697626514119722485e-01
1.697626514119722485e-01
1.697626514119722485e-01
1.697626514119722485e-01
1.697626514119722485e-01
1.697626514119722485e-01
1.697626514119722485e-01
1.697626514119722485e-01
1.697626514119722485e-01
1.697626514119722485e-01
1.697626514119722485e-01
1.697626514119722485e-01
1.697626514119722485e-01
1.697626514119722485e-01
1.697626514119722485e-01
1.697626514119722485e-01
1.697626514119722485e-01
1.697626514119722485e-01
1.697626514119722485e-01
1.813981797586011191e-01
1.813981797586011191e-01
1.813981797586011191e-01
1.813981797586011191e-01
1.813981797586011191e-01
1.813981797586011191e-01
1.813981797586011191e-01
1.813981797586011191e-01
1.813981797586011191e-01
1.813981797586011191e-01
1.813981797586011191e-01
1.813981797586011191e-01
1.813981797586011191e-01
1.813981797586011191e-01
1.813981797586011191e-01
1.813981797586011191e-01
1.813981797586011191e-01
1.813981797586011191e-01
1.813981797586011191e-01
1.813981797586011191e-01
1.813981797586011191e-01
1.813981797586011191e-01
1.813981797586011191e-01
1.813981797586011191e-01
1.813981797586011191e-01
1.813981797586011191e-01
1.813981797586011191e-01
1.813981797586011191e-01
1.813981797586011191e-01
1.813981797586011191e-01
1.813981797586011191e-01
1.930337081052299897e-01
1.930337081052299897e-01
1.930337081052299897e-01
1.930337081052299897e-01
1.930337081052299897e-01
1.930337081052299897e-01
1.930337081052299897e-01
1.930337081052299897e-01
1.930337081052299897e-01
1.930337081052299897e-01
1.930337081052299897e-01
1.930337081052299897e-01
1.930337081052299897e-01
1.930337081052299897e-01
1.930337081052299897e-01
1.930337081052299897e-01
1.930337081052299897e-01
1.930337081052299897e-01
1.930337081052299897e-01
1.930337081052299897e-01
1.930337081052299897e-01
1.930337081052299897e-01
1.930337081052299897e-01
1.930337081052299897e-01
1.930337081052299897e-01
1.930337081052299897e-01
1.930337081052299897e-01
1.930337081052299897e-01
1.930337081052299897e-01
1.930337081052299897e-01
1.930337081052299897e-01
2.046692364518588325e-01
2.046692364518588325e-01
2.046692364518588325e-01
2.046692364518588325e-01
2.046692364518588325e-01
2.046692364518588325e-01
2.046692364518588325e-01
2.046692364518588325e-01
2.046692364518588325e-01
2.046692364518588325e-01
2.046692364518588325e-01
2.046692364518588325e-01
2.046692364518588325e-01
2.046692364518588325e-01
2.046692364518588325e-01
2.046692364518588325e-01
2.046692364518588325e-01
2.046692364518588325e-01
2.046692364518588325e-01
2.046692364518588325e-01
2.046692364518588325e-01
2.046692364518588325e-01
2.046692364518588325e-01
2.046692364518588325e-01
2.046692364518588325e-01
2.046692364518588325e-01
2.046692364518588325e-01
2.046692364518588325e-01
2.046692364518588325e-01
2.046692364518588325e-01
2.046692364518588325e-01
2.163047647984877031e-01
2.163047647984877031e-01
2.163047647984877031e-01
2.163047647984877031e-01
2.163047647984877031e-01
2.163047647984877031e-01
2.163047647984877031e-01
2.163047647984877031e-01
2.163047647984877031e-01
2.163047647984877031e-01
2.163047647984877031e-01
2.163047647984877031e-01
2.163047647984877031e-01
2.163047647984877031e-01
2.163047647984877031e-01
2.163047647984877031e-01
2.163047647984877031e-01
2.163047647984877031e-01
2.163047647984877031e-01
2.163047647984877031e-01
2.163047647984877031e-01
2.163047647984877031e-01
2.163047647984877031e-01
2.163047647984877031e-01
2.163047647984877031e-01
2.163047647984877031e-01
2.163047647984877031e-01
2.163047647984877031e-01
2.163047647984877031e-01
2.163047647984877031e-01
2.163047647984877031e-01
2.279402931451165737e-01
2.279402931451165737e-01
2.279402931451165737e-01
2.279402931451165737e-01
2.279402931451165737e-01
2.279402931451165737e-01
2.279402931451165737e-01
2.279402931451165737e-01
2.279402931451165737e-01
2.279402931451165737e-01
2.279402931451165737e-01
2.279402931451165737e-01
2.279402931451165737e-01
2.279402931451165737e-01
2.279402931451165737e-01
2.279402931451165737e-01
2.279402931451165737e-01
2.279402931451165737e-01
2.279402931451165737e-01
2.279402931451165737e-01
2.279402931451165737e-01
2.279402931451165737e-01
2.279402931451165737e-01
2.279402931451165737e-01
2.279402931451165737e-01
2.279402931451165737e-01
2.279402931451165737e-01
2.279402931451165737e-01
2.279402931451165737e-01
2.279402931451165737e-01
2.279402931451165737e-01
2.395758214917454165e-01
2.395758214917454165e-01
2.395758214917454165e-01
2.395758214917454165e-01
2.395758214917454165e-01
2.395758214917454165e-01
2.395758214917454165e-01
2.395758214917454165e-01
2.395758214917454165e-01
2.395758214917454165e-01
2.395758214917454165e-01
2.395758214917454165e-01
2.395758214917454165e-01
2.395758214917454165e-01
2.395758214917454165e-01
2.395758214917454165e-01
2.395758214917454165e-01
2.395758214917454165e-01
2.395758214917454165e-01
2.395758214917454165e-01
2.395758214917454165e-01
2.395758214917454165e-01
2.395758214917454165e-01
2.395758214917454165e-01
2.395758214917454165e-01
2.395758214917454165e-01
2.395758214917454165e-01
2.395758214917454165e-01
2.395758214917454165e-01
2.395758214917454165e-01
2.395758214917454165e-01
2.512113498383742871e-01
2.512113498383742871e-01
2.512113498383742871e-01
2.512113498383742871e-01
2.512113498383742871e-01
2.512113498383742871e-01
2.512113498383742871e-01
2.512113498383742871e-01
2.512113498383742871e-01
2.512113498383742871e-01
2.512113498383742871e-01
2.512113498383742871e-01
2.512113498383742871e-01
2.512113498383742871e-01
2.512113498383742871e-01
2.512113498383742871e-01
2.512113498383742871e-01
2.512113498383742871e-01
2.512113498383742871e-01
2.512113498383742871e-01
2.512113498383742871e-01
2.512113498383742871e-01
2.512113498383742871e-01
2.512113498383742871e-01
2.512113498383742871e-01
2.512113498383742871e-01
2.512113498383742871e-01
2.512113498383742871e-01
2.512113498383742871e-01
2.512113498383742871e-01
2.512113498383742871e-01
2.628468781850031855e-01
2.628468781850031855e-01
2.628468781850031855e-01
2.628468781850031855e-01
2.628468781850031855e-01
2.628468781850031855e-01
2.628468781850031855e-01
2.628468781850031855e-01
2.628468781850031855e-01
2.628468781850031855e-01
2.628468781850031855e-01
2.628468781850031855e-01
2.628468781850031855e-01
2.628468781850031855e-01
2.628468781850031855e-01
2.628468781850031855e-01
2.628468781850031855e-01
2.628468781850031855e-01
2.628468781850031855e-01
2.628468781850031855e-01
2.628468781850031855e-01
2.628468781850031855e-01
2.628468781850031855e-01
2.628468781850031855e-01
2.628468781850031855e-01
2.628468781850031855e-01
2.628468781850031855e-01
2.628468781850031855e-01
2.628468781850031855e-01
2.628468781850031855e-01
2.628468781850031855e-01
2.744824065316320283e-01
2.744824065316320283e-01
2.744824065316320283e-01
2.744824065316320283e-01
2.744824065316320283e-01
2.744824065316320283e-01
2.744824065316320283e-01
2.744824065316320283e-01
2.744824065316320283e-01
2.744824065316320283e-01
2.744824065316320283e-01
2.744824065316320283e-01
2.744824065316320283e-01
2.744824065316320283e-01
2.744824065316320283e-01
2.744824065316320283e-01
2.744824065316320283e-01
2.744824065316320283e-01
2.744824065316320283e-01
2.744824065316320283e-01
2.744824065316320283e-01
2.744824065316320283e-01
2.744824065316320283e-01
2.744824065316320283e-01
2.744824065316320283e-01
2.744824065316320283e-01
2.744824065316320283e-01
2.744824065316320283e-01
2.744824065316320283e-01
2.744824065316320283e-01
2.744824065316320283e-01
2.861179348782608711e-01
2.861179348782608711e-01
2.861179348782608711e-01
2.861179348782608711e-01
2.861179348782608711e-01
2.861179348782608711e-01
2.861179348782608711e-01
2.861179348782608711e-01
2.861179348782608711e-01
2.861179348782608711e-01
2.861179348782608711e-01
2.861179348782608711e-01
2.861179348782608711e-01
2.861179348782608711e-01
2.861179348782608711e-01
2.861179348782608711e-01
2.861179348782608711e-01
2.861179348782608711e-01
2.861179348782608711e-01
2.861179348782608711e-01
2.861179348782608711e-01
2.861179348782608711e-01
2.861179348782608711e-01
2.861179348782608711e-01
2.861179348782608711e-01
2.861179348782608711e-01
2.861179348782608711e-01
2.861179348782608711e-01
2.861179348782608711e-01
2.861179348782608711e-01
2.861179348782608711e-01
2.977534632248897140e-01
2.977534632248897140e-01
2.977534632248897140e-01
2.977534632248897140e-01
2.977534632248897140e-01
2.977534632248897140e-01
2.977534632248897140e-01
2.977534632248897140e-01
2.977534632248897140e-01
2.977534632248897140e-01
2.977534632248897140e-01
2.977534632248897140e-01
2.977534632248897140e-01
2.977534632248897140e-01
2.977534632248897140e-01
2.977534632248897140e-01
2.977534632248897140e-01
2.977534632248897140e-01
2.977534632248897140e-01
2.977534632248897140e-01
2.977534632248897140e-01
2.977534632248897140e-01
2.977534632248897140e-01
2.977534632248897140e-01
2.977534632248897140e-01
2.977534632248897140e-01
2.977534632248897140e-01
2.977534632248897140e-01
2.977534632248897140e-01
2.977534632248897140e-01
2.977534632248897140e-01
3.093889915715185568e-01
3.093889915715185568e-01
3.093889915715185568e-01
3.093889915715185568e-01
3.093889915715185568e-01
3.093889915715185568e-01
3.093889915715185568e-01
3.093889915715185568e-01
3.093889915715185568e-01
3.093889915715185568e-01
3.093889915715185568e-01
3.093889915715185568e-01
3.093889915715185568e-01
3.093889915715185568e-01
3.093889915715185568e-01
3.093889915715185568e-01
3.093889915715185568e-01
3.093889915715185568e-01
3.093889915715185568e-01
3.093889915715185568e-01
3.093889915715185568e-01
3.093889915715185568e-01
3.093889915715185568e-01
3.093889915715185568e-01
3.093889915715185568e-01
3.093889915715185568e-01
3.093889915715185568e-01
3.093889915715185568e-01
3.093889915715185568e-01
3.093889915715185568e-01
3.093889915715185568e-01
3.210245199181475106e-01
3.210245199181475106e-01
3.210245199181475106e-01
3.210245199181475106e-01
3.210245199181475106e-01
3.210245199181475106e-01
3.210245199181475106e-01
3.210245199181475106e-01
3.210245199181475106e-01
3.210245199181475106e-01
3.210245199181475106e-01
3.210245199181475106e-01
3.210245199181475106e-01
3.210245199181475106e-01
3.210245199181475106e-01
3.210245199181475106e-01
3.210245199181475106e-01
3.210245199181475106e-01
3.210245199181475106e-01
3.210245199181475106e-01
3.210245199181475106e-01
3.210245199181475106e-01
3.210245199181475106e-01
3.210245199181475106e-01
3.210245199181475106e-01
3.210245199181475106e-01
3.210245199181475106e-01
3.210245199181475106e-01
3.210245199181475106e-01
3.210245199181475106e-01
3.210245199181475106e-01
3.326600482647763535e-01
3.326600482647763535e-01
3.326600482647763535e-01
3.326600482647763535e-01
3.326600482647763535e-01
3.326600482647763535e-01
3.326600482647763535e-01
3.326600482647763535e-01
3.326600482647763535e-01
3.326600482647763535e-01
3.326600482647763535e-01
3.326600482647763535e-01
3.326600482647763535e-01
3.326600482647763535e-01
3.326600482647763535e-01
3.326600482647763535e-01
3.326600482647763535e-01
3.326600482647763535e-01
3.326600482647763535e-01
3.326600482647763535e-01
3.326600482647763535e-01
3.326600482647763535e-01
3.326600482647763535e-01
3.326600482647763535e-01
3.326600482647763535e-01
3.326600482647763535e-01
3.326600482647763535e-01
3.326600482647763535e-01
3.326600482647763535e-01
3.326600482647763535e-01
3.326600482647763535e-01
3.442955766114051963e-01
3.442955766114051963e-01
3.442955766114051963e-01
3.442955766114051963e-01
3.442955766114051963e-01
3.442955766114051963e-01
3.442955766114051963e-01
3.442955766114051963e-01
3.442955766114051963e-01
3.442955766114051963e-01
3.442955766114051963e-01
3.442955766114051963e-01
3.442955766114051963e-01
3.442955766114051963e-01
3.442955766114051963e-01
3.442955766114051963e-01
3.442955766114051963e-01
3.442955766114051963e-01
3.442955766114051963e-01
3.442955766114051963e-01
3.442955766114051963e-01
3.442955766114051963e-01
3.442955766114051963e-01
3.442955766114051963e-01
3.442955766114051963e-01
3.442955766114051963e-01
3.442955766114051963e-01
3.442955766114051963e-01
3.442955766114051963e-01
3.442955766114051963e-01
3.442955766114051963e-01
3.559311049580340391e-01
3.559311049580340391e-01
3.559311049580340391e-01
3.559311049580340391e-01
3.559311049580340391e-01
3.559311049580340391e-01
3.559311049580340391e-01
3.559311049580340391e-01
3.559311049580340391e-01
3.559311049580340391e-01
3.559311049580340391e-01
3.559311049580340391e-01
3.559311049580340391e-01
3.559311049580340391e-01
3.559311049580340391e-01
3.559311049580340391e-01
3.559311049580340391e-01
3.559311049580340391e-01
3.559311049580340391e-01
3.559311049580340391e-01
3.559311049580340391e-01
3.559311049580340391e-01
3.559311049580340391e-01
3.559311049580340391e-01
3.559311049580340391e-01
3.559311049580340391e-01
3.559311049580340391e-01
3.559311049580340391e-01
3.559311049580340391e-01
3.559311049580340391e-01
3.559311049580340391e-01
3.675666333046628820e-01
3.675666333046628820e-01
3.675666333046628820e-01
3.675666333046628820e-01
3.675666333046628820e-01
3.675666333046628820e-01
3.675666333046628820e-01
3.675666333046628820e-01
3.675666333046628820e-01
3.675666333046628820e-01
3.675666333046628820e-01
3.675666333046628820e-01
3.675666333046628820e-01
3.675666333046628820e-01
3.675666333046628820e-01
3.675666333046628820e-01
3.675666333046628820e-01
3.675666333046628820e-01
3.675666333046628820e-01
3.675666333046628820e-01
3.675666333046628820e-01
3.675666333046628820e-01
3.675666333046628820e-01
3.675666333046628820e-01
3.675666333046628820e-01
3.675666333046628820e-01
3.675666333046628820e-01
3.675666333046628820e-01
3.675666333046628820e-01
3.675666333046628820e-01
3.675666333046628820e-01
3.792021616512917248e-01
3.792021616512917248e-01
3.792021616512917248e-01
3.792021616512917248e-01
3.792021616512917248e-01
3.792021616512917248e-01
3.792021616512917248e-01
3.792021616512917248e-01
3.792021616512917248e-01
3.792021616512917248e-01
3.792021616512917248e-01
3.792021616512917248e-01
3.792021616512917248e-01
3.792021616512917248e-01
3.792021616512917248e-01
3.792021616512917248e-01
3.792021616512917248e-01
3.792021616512917248e-01
3.792021616512917248e-01
3.792021616512917248e-01
3.792021616512917248e-01
3.792021616512917248e-01
3.792021616512917248e-01
3.792021616512917248e-01
3.792021616512917248e-01
3.792021616512917248e-01
3.792021616512917248e-01
3.792021616512917248e-01
3.792021616512917248e-01
3.792021616512917248e-01
3.792021616512917248e-01
3.908376899979206787e-01
3.908376899979206787e-01
3.908376899979206787e-01
3.908376899979206787e-01
3.908376899979206787e-01
3.908376899979206787e-01
3.908376899979206787e-01
3.908376899979206787e-01
3.908376899979206787e-01
3.908376899979206787e-01
3.908376899979206787e-01
3.908376899979206787e-01
3.908376899979206787e-01
3.908376899979206787e-01
3.908376899979206787e-01
3.908376899979206787e-01
3.908376899979206787e-01
3.908376899979206787e-01
3.908376899979206787e-01
3.908376899979206787e-01
3.908376899979206787e-01
3.908376899979206787e-01
3.908376899979206787e-01
3.908376899979206787e-01
3.908376899979206787e-01
3.908376899979206787e-01
3.908376899979206787e-01
3.908376899979206787e-01
3.908376899979206787e-01
3.908376899979206787e-01
3.908376899979206787e-01
4.024732183445495215e-01
4.024732183445495215e-01
4.024732183445495215e-01
4.024732183445495215e-01
4.024732183445495215e-01
4.024732183445495215e-01
4.024732183445495215e-01
4.024732183445495215e-01
4.024732183445495215e-01
4.024732183445495215e-01
4.024732183445495215e-01
4.024732183445495215e-01
4.024732183445495215e-01
4.024732183445495215e-01
4.024732183445495215e-01
4.024732183445495215e-01
4.024732183445495215e-01
4.024732183445495215e-01
4.024732183445495215e-01
4.024732183445495215e-01
4.024732183445495215e-01
4.024732183445495215e-01
4.024732183445495215e-01
4.024732183445495215e-01
4.024732183445495215e-01
4.024732183445495215e-01
4.024732183445495215e-01
4.024732183445495215e-01
4.024732183445495215e-01
4.024732183445495215e-01
4.024732183445495215e-01
4.141087466911783643e-01
4.141087466911783643e-01
4.141087466911783643e-01
4.141087466911783643e-01
4.141087466911783643e-01
4.141087466911783643e-01
4.141087466911783643e-01
4.141087466911783643e-01
4.141087466911783643e-01
4.141087466911783643e-01
4.141087466911783643e-01
4.141087466911783643e-01
4.141087466911783643e-01
4.141087466911783643e-01
4.141087466911783643e-01
4.141087466911783643e-01
4.141087466911783643e-01
4.141087466911783643e-01
4.141087466911783643e-01
4.141087466911783643e-01
4.141087466911783643e-01
4.141087466911783643e-01
4.141087466911783643e-01
4.141087466911783643e-01
4.141087466911783643e-01
4.141087466911783643e-01
4.141087466911783643e-01
4.141087466911783643e-01
4.141087466911783643e-01
4.141087466911783643e-01
4.141087466911783643e-01
